0, 
1, 
2, 
3, 
4, 
5, 
6, 
7, 
8, 
9, 
10, 
11, 
12, 
13, 
14, 
15, 
16, 
17, 
18, 
19, 
20, 
21, 
22, 
23, 
24, 
25, 
26, 
27, 
28, 
29, 
30, 
31, 
32, 
33, 
34, 
35, 
36, 
37, 
38, 
39, 
40, 
41, 
42, 
43, 
44, 
45, 
46, 
47, 
48, 
49, 
50, 
51, 
52, 
53, 
54, 
55, 
56, 
57, 
58, 
59, 
60, 
61, 
62, 
63, 
64, 
65, 
66, 
67, 
68, 
69, 
70, 
71, 
72, 
73, 
74, 
75, 
76, 
77, 
78, 
79, 
80, 
81, 
82, 
83, 
84, 
85, 
86, 
87, 
88, 
89, 
90, 
91, 
92, 
93, 
94, 
95, 
96, 
97, 
98, 
99, 
100, 
101, 
102, 
103, 
104, 
105, 
106, 
107, 
108, 
109, 
110, 
111, 
112, 
113, 
114, 
115, 
116, 
117, 
118, 
119, 
120, 
121, 
122, 
123, 
124, 
125, 
126, 
127, 
128, 
129, 
130, 
131, 
132, 
133, 
134, 
135, 
136, 
137, 
138, 
139, 
140, 
141, 
142, 
143, 
144, 171.947617
145, 
146, 
147, 
148, 
149, 
150, 
151, 
152, 
153, 
154, 
155, 172.823853
156, 
157, 
158, 
159, 
160, 
161, 
162, 
163, 
164, 
165, 
166, 
167, 
168, 
169, 
170, 170.134384
171, 163.048950
172, 
173, 
174, 170.417328
175, 170.697617
176, 
177, 167.257126
178, 
179, 
180, 
181, 
182, 
183, 160.854248
184, 166.608765
185, 
186, 
187, 167.375977
188, 
189, 164.908875
190, 
191, 
192, 164.252258
193, 
194, 163.789627
195, 
196, 
197, 
198, 
199, 161.574707
200, 
201, 
202, 
203, 
204, 
205, 
206, 
207, 
208, 
209, 
210, 
211, 
212, 
213, 
214, 
215, 
216, 167.632523
217, 
218, 
219, 
220, 166.048294
221, 
222, 
223, 
224, 169.133987
225, 
226, 166.100052
227, 
228, 160.953552
229, 163.204819
230, 
231, 
232, 166.348877
233, 
234, 
235, 
236, 164.164490
237, 
238, 
239, 
240, 
241, 165.567657
242, 
243, 
244, 
245, 
246, 
247, 
248, 
249, 
250, 
251, 
252, 
253, 
254, 
255, 
256, 
257, 159.213715
258, 
259, 
260, 166.404083
261, 
262, 
263, 
264, 
265, 
266, 
267, 165.318527
268, 
269, 
270, 
271, 
272, 168.269165
273, 
274, 161.103775
275, 
276, 165.906677
277, 
278, 164.511246
279, 
280, 
281, 
282, 
283, 
284, 
285, 
286, 
287, 
288, 
289, 
290, 
291, 
292, 
293, 
294, 167.743195
295, 
296, 168.935486
297, 
298, 
299, 
300, 
301, 
302, 
303, 
304, 
305, 
306, 
307, 
308, 
309, 
310, 166.077438
311, 
312, 
313, 
314, 
315, 166.125031
316, 
317, 
318, 
319, 
320, 
321, 
322, 
323, 
324, 
325, 
326, 
327, 165.266479
328, 166.251526
329, 
330, 
331, 
332, 
333, 
334, 
335, 
336, 
337, 
338, 
339, 
340, 
341, 167.275391
342, 
343, 
344, 167.430603
345, 
346, 
347, 158.158600
348, 163.150864
349, 
350, 165.175629
351, 
352, 162.559250
353, 
354, 
355, 166.983795
356, 
357, 
358, 
359, 
360, 
361, 162.863907
362, 168.011520
363, 
364, 167.353394
365, 
366, 170.370758
367, 164.817780
368, 
369, 
370, 
371, 
372, 
373, 
374, 
375, 
376, 
377, 
378, 
379, 
380, 161.690384
381, 
382, 
383, 
384, 
385, 
386, 
387, 
388, 
389, 
390, 
391, 
392, 
393, 
394, 165.094986
395, 
396, 
397, 
398, 
399, 
400, 
401, 
402, 164.078720
403, 
404, 
405, 
406, 
407, 
408, 
409, 
410, 
411, 
412, 
413, 
414, 
415, 
416, 
417, 
418, 
419, 
420, 
421, 
422, 
423, 
424, 
425, 
426, 
427, 
428, 157.590622
429, 
430, 162.475113
431, 
432, 164.388550
433, 
434, 161.766083
435, 165.568634
436, 
437, 
438, 
439, 160.332336
440, 
441, 
442, 162.672424
443, 
444, 
445, 166.497147
446, 162.176117
447, 
448, 
449, 
450, 
451, 
452, 161.469467
453, 159.176468
454, 
455, 
456, 
457, 
458, 
459, 
460, 
461, 
462, 
463, 
464, 
465, 161.973099
466, 
467, 
468, 
469, 163.898895
470, 
471, 
472, 
473, 
474, 
475, 
476, 
477, 
478, 
479, 
480, 
481, 166.218948
482, 
483, 
484, 
485, 161.287918
486, 
487, 
488, 
489, 
490, 
491, 163.380386
492, 
493, 
494, 163.023209
495, 162.472656
496, 
497, 
498, 165.575867
499, 
500, 
501, 
502, 
503, 
504, 
505, 162.165894
506, 
507, 
508, 161.541077
509, 
510, 166.164032
511, 
512, 
513, 
514, 
515, 
516, 
517, 
518, 
519, 165.360901
520, 
521, 
522, 163.448074
523, 
524, 
525, 160.093109
526, 159.087311
527, 
528, 
529, 162.504074
530, 
531, 
532, 
533, 
534, 
535, 
536, 
537, 
538, 
539, 
540, 
541, 
542, 
543, 159.686935
544, 
545, 
546, 
547, 
548, 
549, 
550, 
551, 167.695312
552, 
553, 
554, 
555, 
556, 
557, 
558, 
559, 
560, 165.134720
561, 
562, 
563, 
564, 
565, 
566, 
567, 
568, 
569, 
570, 161.705811
571, 
572, 166.909958
573, 
574, 
575, 
576, 
577, 164.717987
578, 
579, 
580, 
581, 
582, 
583, 
584, 
585, 
586, 
587, 
588, 
589, 161.336990
590, 
591, 
592, 159.300903
593, 
594, 163.877686
595, 
596, 
597, 161.068909
598, 
599, 165.233490
600, 
601, 
602, 161.498917
603, 
604, 
605, 
606, 161.611938
607, 
608, 
609, 
610, 
611, 
612, 164.194138
613, 
614, 
615, 
616, 
617, 
618, 164.812820
619, 159.139053
620, 
621, 
622, 159.227264
623, 
624, 
625, 165.930084
626, 161.517517
627, 
628, 
629, 
630, 
631, 
632, 
633, 
634, 
635, 
636, 
637, 
638, 
639, 
640, 
641, 
642, 
643, 
644, 
645, 
646, 
647, 160.601959
648, 163.786530
649, 
650, 
651, 
652, 162.760437
653, 
654, 
655, 
656, 
657, 
658, 
659, 
660, 
661, 
662, 
663, 
664, 
665, 
666, 
667, 
668, 
669, 
670, 
671, 
672, 
673, 
674, 
675, 
676, 
677, 
678, 
679, 
680, 
681, 
682, 
683, 
684, 
685, 
686, 
687, 
688, 
689, 
690, 
691, 165.750793
692, 160.364853
693, 
694, 
695, 162.010681
696, 167.901016
697, 
698, 162.779236
699, 158.679428
700, 162.968170
701, 
702, 163.183380
703, 165.108124
704, 
705, 160.251236
706, 
707, 
708, 
709, 167.161301
710, 
711, 
712, 163.610428
713, 
714, 158.593597
715, 
716, 
717, 
718, 
719, 
720, 
721, 
722, 
723, 
724, 
725, 
726, 
727, 
728, 
729, 
730, 
731, 
732, 161.427917
733, 165.342880
734, 
735, 
736, 
737, 
738, 
739, 159.292252
740, 165.534363
741, 
742, 
743, 
744, 
745, 
746, 
747, 
748, 166.714844
749, 
750, 165.982086
751, 
752, 
753, 162.828842
754, 
755, 160.704849
756, 
757, 
758, 
759, 
760, 
761, 
762, 164.056717
763, 
764, 166.745132
765, 
766, 
767, 159.457764
768, 
769, 157.958664
770, 
771, 
772, 
773, 165.290619
774, 
775, 
776, 160.939804
777, 
778, 
779, 
780, 
781, 
782, 
783, 
784, 161.455353
785, 
786, 
787, 160.945587
788, 
789, 
790, 
791, 
792, 
793, 
794, 
795, 
796, 
797, 
798, 
799, 
800, 
801, 
802, 
803, 
804, 
805, 
806, 
807, 
808, 158.756134
809, 
810, 
811, 
812, 
813, 
814, 
815, 
816, 
817, 
818, 
819, 
820, 
821, 
822, 
823, 167.216782
824, 164.485001
825, 
826, 165.055084
827, 
828, 
829, 
830, 
831, 
832, 
833, 
834, 
835, 
836, 161.076263
837, 
838, 
839, 
840, 
841, 
842, 
843, 
844, 
845, 
846, 160.397720
847, 
848, 162.044678
849, 
850, 164.673904
851, 
852, 162.099655
853, 
854, 
855, 161.865814
856, 
857, 165.083176
858, 
859, 
860, 
861, 163.616074
862, 
863, 
864, 165.478180
865, 
866, 159.152267
867, 
868, 
869, 163.288208
870, 
871, 
872, 159.517349
873, 
874, 
875, 
876, 160.455719
877, 
878, 
879, 
880, 
881, 
882, 
883, 
884, 
885, 
886, 
887, 164.649475
888, 
889, 
890, 
891, 
892, 
893, 159.443527
894, 
895, 
896, 
897, 
898, 
899, 
900, 
901, 
902, 
903, 
904, 163.444046
905, 
906, 
907, 
908, 
909, 
910, 
911, 
912, 
913, 
914, 
915, 164.737183
916, 
917, 
918, 
919, 
920, 
921, 
922, 
923, 
924, 
925, 
926, 
927, 
928, 
929, 
930, 
931, 
932, 
933, 
934, 
935, 
936, 
937, 
938, 
939, 
940, 
941, 
942, 165.300735
943, 
944, 
945, 160.832123
946, 
947, 
948, 163.770844
949, 
950, 161.492096
951, 
952, 
953, 159.745071
954, 
955, 
956, 157.504196
957, 
958, 159.891266
959, 
960, 165.053711
961, 161.872955
962, 
963, 158.348999
964, 
965, 
966, 164.724472
967, 160.683304
968, 
969, 
970, 163.906693
971, 
972, 
973, 
974, 
975, 
976, 
977, 
978, 
979, 
980, 164.987808
981, 
982, 
983, 
984, 
985, 
986, 
987, 158.948242
988, 
989, 
990, 
991, 
992, 
993, 
994, 
995, 
996, 
997, 
998, 
999, 
1000, 
1001, 
1002, 
1003, 165.197708
1004, 
1005, 
1006, 162.630325
1007, 
1008, 158.617310
1009, 
1010, 
1011, 162.898758
1012, 159.390305
1013, 
1014, 166.963242
1015, 
1016, 165.760696
1017, 
1018, 160.226837
1019, 
1020, 161.684372
1021, 
1022, 
1023, 
1024, 
1025, 162.469376
1026, 
1027, 
1028, 161.315002
1029, 
1030, 159.383591
1031, 
1032, 158.610001
1033, 
1034, 
1035, 
1036, 
1037, 164.912567
1038, 
1039, 
1040, 
1041, 
1042, 
1043, 
1044, 
1045, 
1046, 
1047, 
1048, 
1049, 
1050, 
1051, 164.735886
1052, 
1053, 
1054, 
1055, 
1056, 
1057, 
1058, 
1059, 
1060, 
1061, 
1062, 
1063, 
1064, 
1065, 
1066, 
1067, 
1068, 
1069, 
1070, 
1071, 
1072, 
1073, 
1074, 
1075, 
1076, 
1077, 
1078, 162.981033
1079, 
1080, 
1081, 167.545853
1082, 
1083, 
1084, 160.046249
1085, 162.973938
1086, 
1087, 
1088, 
1089, 
1090, 
1091, 
1092, 
1093, 
1094, 
1095, 
1096, 
1097, 
1098, 
1099, 
1100, 
1101, 160.019073
1102, 
1103, 161.645309
1104, 161.805756
1105, 
1106, 
1107, 
1108, 
1109, 
1110, 
1111, 162.337341
1112, 
1113, 158.239120
1114, 
1115, 
1116, 159.584213
1117, 
1118, 163.287399
1119, 
1120, 
1121, 167.637955
1122, 
1123, 
1124, 
1125, 
1126, 
1127, 
1128, 
1129, 
1130, 159.341309
1131, 
1132, 164.206253
1133, 161.006165
1134, 
1135, 159.466980
1136, 
1137, 
1138, 
1139, 
1140, 
1141, 163.762527
1142, 
1143, 
1144, 
1145, 
1146, 
1147, 
1148, 
1149, 
1150, 
1151, 
1152, 
1153, 
1154, 
1155, 
1156, 
1157, 
1158, 160.132721
1159, 
1160, 
1161, 
1162, 
1163, 
1164, 
1165, 
1166, 
1167, 
1168, 
1169, 
1170, 
1171, 162.352524
1172, 
1173, 
1174, 
1175, 
1176, 
1177, 
1178, 
1179, 
1180, 
1181, 
1182, 
1183, 
1184, 
1185, 
1186, 161.804947
1187, 
1188, 
1189, 162.180145
1190, 
1191, 164.982834
1192, 
1193, 
1194, 
1195, 
1196, 
1197, 
1198, 
1199, 
1200, 
1201, 
1202, 167.206909
1203, 163.788620
1204, 
1205, 
1206, 
1207, 162.194351
1208, 164.976562
1209, 
1210, 157.758820
1211, 
1212, 161.625519
1213, 
1214, 
1215, 
1216, 161.591660
1217, 
1218, 160.822235
1219, 
1220, 
1221, 
1222, 157.915680
1223, 
1224, 
1225, 158.570251
1226, 
1227, 
1228, 
1229, 
1230, 
1231, 
1232, 
1233, 
1234, 
1235, 
1236, 
1237, 159.236206
1238, 159.724152
1239, 
1240, 166.423798
1241, 
1242, 
1243, 
1244, 
1245, 
1246, 
1247, 
1248, 
1249, 
1250, 
1251, 
1252, 
1253, 
1254, 
1255, 
1256, 
1257, 
1258, 
1259, 
1260, 
1261, 
1262, 
1263, 163.258713
1264, 
1265, 158.085495
1266, 163.455170
1267, 
1268, 167.912415
1269, 
1270, 166.912460
1271, 163.065842
1272, 
1273, 158.390686
1274, 
1275, 
1276, 162.669022
1277, 
1278, 
1279, 
1280, 161.354477
1281, 
1282, 162.665466
1283, 
1284, 
1285, 158.222672
1286, 161.814041
1287, 
1288, 
1289, 
1290, 166.004135
1291, 
1292, 
1293, 
1294, 
1295, 
1296, 
1297, 
1298, 
1299, 
1300, 
1301, 
1302, 
1303, 
1304, 
1305, 
1306, 
1307, 
1308, 
1309, 
1310, 
1311, 
1312, 163.754486
1313, 
1314, 
1315, 
1316, 
1317, 
1318, 
1319, 
1320, 
1321, 
1322, 
1323, 
1324, 
1325, 
1326, 
1327, 
1328, 
1329, 
1330, 
1331, 
1332, 
1333, 161.661423
1334, 
1335, 
1336, 161.323669
1337, 165.959793
1338, 162.455963
1339, 
1340, 
1341, 
1342, 
1343, 
1344, 
1345, 
1346, 
1347, 
1348, 
1349, 
1350, 
1351, 
1352, 
1353, 
1354, 
1355, 
1356, 
1357, 
1358, 
1359, 
1360, 162.222137
1361, 167.089355
1362, 
1363, 
1364, 165.413956
1365, 
1366, 162.125031
1367, 160.539215
1368, 
1369, 
1370, 
1371, 161.242004
1372, 
1373, 161.453323
1374, 
1375, 159.157516
1376, 
1377, 
1378, 
1379, 165.456589
1380, 
1381, 160.684418
1382, 
1383, 
1384, 
1385, 159.437531
1386, 
1387, 160.049774
1388, 
1389, 
1390, 
1391, 
1392, 
1393, 
1394, 165.121475
1395, 
1396, 
1397, 
1398, 
1399, 
1400, 
1401, 
1402, 
1403, 
1404, 
1405, 
1406, 
1407, 
1408, 
1409, 
1410, 
1411, 
1412, 167.326035
1413, 
1414, 
1415, 
1416, 
1417, 
1418, 
1419, 
1420, 
1421, 
1422, 
1423, 
1424, 
1425, 
1426, 
1427, 
1428, 
1429, 
1430, 
1431, 
1432, 164.137833
1433, 
1434, 
1435, 
1436, 
1437, 164.269638
1438, 
1439, 161.964432
1440, 
1441, 
1442, 
1443, 
1444, 
1445, 
1446, 
1447, 162.914062
1448, 
1449, 
1450, 166.592896
1451, 
1452, 
1453, 
1454, 159.328659
1455, 
1456, 
1457, 161.399551
1458, 160.327866
1459, 
1460, 
1461, 165.396393
1462, 160.435501
1463, 
1464, 166.969971
1465, 
1466, 
1467, 162.145157
1468, 
1469, 
1470, 
1471, 
1472, 160.051910
1473, 
1474, 
1475, 
1476, 
1477, 
1478, 
1479, 
1480, 
1481, 
1482, 
1483, 
1484, 
1485, 
1486, 
1487, 
1488, 
1489, 
1490, 166.274551
1491, 163.791290
1492, 
1493, 160.198639
1494, 
1495, 
1496, 
1497, 
1498, 
1499, 
1500, 
1501, 
1502, 
1503, 
1504, 
1505, 
1506, 
1507, 
1508, 
1509, 
1510, 
1511, 
1512, 
1513, 
1514, 
1515, 
1516, 
1517, 159.580383
1518, 
1519, 159.131927
1520, 
1521, 
1522, 162.282379
1523, 
1524, 163.295792
1525, 
1526, 165.135010
1527, 
1528, 
1529, 160.515533
1530, 
1531, 161.387680
1532, 
1533, 162.044861
1534, 
1535, 
1536, 165.353668
1537, 
1538, 
1539, 
1540, 165.318726
1541, 
1542, 
1543, 160.261917
1544, 163.729965
1545, 
1546, 
1547, 163.380020
1548, 
1549, 
1550, 
1551, 
1552, 
1553, 
1554, 
1555, 
1556, 
1557, 
1558, 
1559, 
1560, 
1561, 
1562, 
1563, 
1564, 
1565, 
1566, 
1567, 
1568, 
1569, 
1570, 
1571, 
1572, 
1573, 
1574, 
1575, 
1576, 
1577, 
1578, 
1579, 
1580, 
1581, 
1582, 
1583, 
1584, 
1585, 
1586, 
1587, 
1588, 
1589, 164.211411
1590, 
1591, 
1592, 
1593, 159.241852
1594, 
1595, 
1596, 161.661392
1597, 
1598, 165.321594
1599, 
1600, 
1601, 166.464127
1602, 
1603, 
1604, 
1605, 
1606, 
1607, 
1608, 
1609, 
1610, 
1611, 
1612, 
1613, 
1614, 161.879257
1615, 
1616, 
1617, 159.970673
1618, 
1619, 158.935089
1620, 165.184174
1621, 
1622, 
1623, 163.326691
1624, 
1625, 160.696701
1626, 
1627, 162.708649
1628, 
1629, 
1630, 163.698624
1631, 
1632, 162.833496
1633, 
1634, 
1635, 
1636, 
1637, 158.934402
1638, 
1639, 
1640, 166.755951
1641, 
1642, 
1643, 
1644, 
1645, 
1646, 
1647, 
1648, 
1649, 
1650, 159.809921
1651, 
1652, 
1653, 
1654, 166.185959
1655, 
1656, 
1657, 
1658, 
1659, 
1660, 
1661, 
1662, 
1663, 158.704391
1664, 
1665, 
1666, 
1667, 
1668, 
1669, 
1670, 
1671, 
1672, 
1673, 
1674, 
1675, 
1676, 
1677, 
1678, 
1679, 
1680, 162.479706
1681, 
1682, 
1683, 
1684, 
1685, 
1686, 
1687, 
1688, 
1689, 160.431671
1690, 
1691, 
1692, 
1693, 
1694, 
1695, 
1696, 165.674362
1697, 
1698, 
1699, 
1700, 160.421265
1701, 
1702, 
1703, 164.059174
1704, 
1705, 165.725128
1706, 
1707, 
1708, 164.726715
1709, 
1710, 
1711, 166.615753
1712, 162.767029
1713, 
1714, 161.992584
1715, 
1716, 161.904831
1717, 
1718, 
1719, 159.127411
1720, 
1721, 
1722, 
1723, 
1724, 
1725, 
1726, 
1727, 
1728, 
1729, 
1730, 
1731, 
1732, 
1733, 
1734, 
1735, 
1736, 166.780273
1737, 
1738, 
1739, 
1740, 161.358536
1741, 
1742, 
1743, 
1744, 
1745, 
1746, 
1747, 158.925735
1748, 165.930267
1749, 
1750, 
1751, 
1752, 161.034454
1753, 
1754, 
1755, 
1756, 
1757, 
1758, 
1759, 
1760, 
1761, 
1762, 
1763, 
1764, 
1765, 
1766, 
1767, 
1768, 
1769, 
1770, 
1771, 
1772, 
1773, 
1774, 163.601791
1775, 
1776, 160.549164
1777, 
1778, 
1779, 
1780, 
1781, 160.245895
1782, 
1783, 
1784, 166.440903
1785, 
1786, 166.263702
1787, 
1788, 164.010162
1789, 
1790, 157.624573
1791, 
1792, 160.762131
1793, 
1794, 
1795, 168.414566
1796, 
1797, 161.287308
1798, 160.320450
1799, 
1800, 
1801, 163.741959
1802, 
1803, 162.699692
1804, 158.941177
1805, 
1806, 
1807, 
1808, 
1809, 
1810, 
1811, 
1812, 
1813, 
1814, 
1815, 
1816, 
1817, 
1818, 
1819, 
1820, 
1821, 
1822, 
1823, 
1824, 
1825, 
1826, 
1827, 
1828, 
1829, 
1830, 
1831, 
1832, 
1833, 
1834, 
1835, 
1836, 
1837, 
1838, 
1839, 
1840, 
1841, 165.845245
1842, 
1843, 
1844, 
1845, 
1846, 
1847, 163.781876
1848, 
1849, 
1850, 
1851, 
1852, 
1853, 
1854, 
1855, 163.043228
1856, 
1857, 159.535568
1858, 
1859, 
1860, 
1861, 
1862, 167.400085
1863, 
1864, 
1865, 
1866, 
1867, 
1868, 165.448135
1869, 158.951462
1870, 
1871, 
1872, 
1873, 165.342529
1874, 
1875, 163.216400
1876, 158.683731
1877, 
1878, 
1879, 160.438141
1880, 162.556366
1881, 
1882, 159.114319
1883, 
1884, 162.339325
1885, 162.601654
1886, 
1887, 
1888, 
1889, 
1890, 
1891, 
1892, 161.968460
1893, 
1894, 
1895, 
1896, 161.181564
1897, 
1898, 
1899, 
1900, 
1901, 
1902, 
1903, 164.956131
1904, 
1905, 
1906, 
1907, 
1908, 
1909, 
1910, 
1911, 
1912, 
1913, 
1914, 
1915, 
1916, 
1917, 
1918, 162.340134
1919, 
1920, 
1921, 
1922, 
1923, 
1924, 
1925, 
1926, 
1927, 
1928, 162.864761
1929, 
1930, 
1931, 
1932, 
1933, 
1934, 
1935, 
1936, 
1937, 
1938, 
1939, 
1940, 
1941, 163.838242
1942, 
1943, 
1944, 
1945, 159.074692
1946, 
1947, 
1948, 
1949, 
1950, 161.367661
1951, 
1952, 
1953, 
1954, 162.759125
1955, 
1956, 
1957, 
1958, 158.771942
1959, 165.234406
1960, 
1961, 
1962, 166.721741
1963, 
1964, 161.740738
1965, 
1966, 163.846481
1967, 
1968, 
1969, 163.068878
1970, 
1971, 
1972, 
1973, 
1974, 
1975, 
1976, 
1977, 
1978, 166.321426
1979, 
1980, 
1981, 
1982, 
1983, 
1984, 
1985, 
1986, 
1987, 
1988, 
1989, 
1990, 
1991, 
1992, 
1993, 
1994, 
1995, 
1996, 
1997, 
1998, 
1999, 
2000, 161.750305
2001, 
2002, 161.247314
2003, 
2004, 159.680237
2005, 
2006, 
2007, 
2008, 
2009, 
2010, 
2011, 
2012, 
2013, 
2014, 
2015, 161.483917
2016, 
2017, 
2018, 
2019, 
2020, 
2021, 
2022, 
2023, 
2024, 
2025, 
2026, 
2027, 164.233353
2028, 
2029, 
2030, 161.258514
2031, 
2032, 
2033, 166.453583
2034, 
2035, 162.809494
2036, 
2037, 162.090149
2038, 
2039, 
2040, 162.347275
2041, 
2042, 164.940643
2043, 
2044, 
2045, 158.713608
2046, 
2047, 160.450195
2048, 
2049, 163.839340
2050, 160.370407
2051, 
2052, 
2053, 
2054, 
2055, 
2056, 
2057, 
2058, 162.251633
2059, 
2060, 166.480972
2061, 
2062, 
2063, 
2064, 
2065, 
2066, 164.908173
2067, 
2068, 
2069, 
2070, 
2071, 
2072, 
2073, 
2074, 
2075, 
2076, 158.203430
2077, 
2078, 
2079, 
2080, 
2081, 
2082, 
2083, 
2084, 
2085, 
2086, 
2087, 
2088, 
2089, 
2090, 
2091, 
2092, 
2093, 
2094, 
2095, 
2096, 
2097, 
2098, 
2099, 
2100, 159.164215
2101, 
2102, 
2103, 
2104, 
2105, 
2106, 
2107, 162.176666
2108, 
2109, 
2110, 
2111, 
2112, 
2113, 
2114, 
2115, 
2116, 
2117, 162.274734
2118, 166.367355
2119, 
2120, 163.386993
2121, 
2122, 160.031738
2123, 
2124, 
2125, 160.118561
2126, 
2127, 
2128, 164.859894
2129, 
2130, 161.900421
2131, 
2132, 
2133, 165.685165
2134, 
2135, 
2136, 159.870117
2137, 
2138, 165.770340
2139, 
2140, 160.330154
2141, 163.125809
2142, 
2143, 162.596619
2144, 
2145, 158.470886
2146, 
2147, 
2148, 158.310776
2149, 
2150, 
2151, 
2152, 
2153, 
2154, 
2155, 
2156, 
2157, 
2158, 
2159, 
2160, 
2161, 
2162, 
2163, 
2164, 
2165, 
2166, 
2167, 
2168, 
2169, 
2170, 
2171, 165.744141
2172, 
2173, 
2174, 
2175, 166.311508
2176, 
2177, 
2178, 
2179, 
2180, 
2181, 
2182, 
2183, 
2184, 
2185, 
2186, 
2187, 
2188, 
2189, 
2190, 166.528229
2191, 
2192, 
2193, 
2194, 
2195, 
2196, 
2197, 161.523926
2198, 
2199, 
2200, 
2201, 
2202, 
2203, 163.954056
2204, 158.747009
2205, 
2206, 162.109634
2207, 
2208, 
2209, 
2210, 162.111588
2211, 
2212, 161.742645
2213, 
2214, 
2215, 165.638718
2216, 
2217, 166.791702
2218, 
2219, 161.958832
2220, 
2221, 
2222, 162.239792
2223, 
2224, 
2225, 
2226, 163.095261
2227, 
2228, 
2229, 
2230, 
2231, 
2232, 
2233, 
2234, 
2235, 
2236, 
2237, 
2238, 
2239, 
2240, 
2241, 
2242, 
2243, 
2244, 
2245, 
2246, 
2247, 
2248, 
2249, 
2250, 
2251, 
2252, 
2253, 162.751831
2254, 
2255, 
2256, 160.312210
2257, 
2258, 
2259, 165.326385
2260, 
2261, 
2262, 
2263, 
2264, 
2265, 161.406403
2266, 
2267, 
2268, 
2269, 
2270, 
2271, 
2272, 
2273, 
2274, 
2275, 
2276, 
2277, 
2278, 
2279, 
2280, 
2281, 
2282, 166.769470
2283, 
2284, 161.333694
2285, 159.342926
2286, 
2287, 164.710129
2288, 
2289, 163.030869
2290, 
2291, 161.340271
2292, 
2293, 
2294, 159.518524
2295, 
2296, 
2297, 161.542328
2298, 
2299, 
2300, 
2301, 
2302, 
2303, 
2304, 
2305, 158.352142
2306, 161.949203
2307, 
2308, 165.081589
2309, 
2310, 
2311, 161.755173
2312, 
2313, 
2314, 
2315, 
2316, 
2317, 
2318, 
2319, 
2320, 
2321, 
2322, 
2323, 
2324, 
2325, 
2326, 
2327, 162.874466
2328, 
2329, 
2330, 164.189270
2331, 
2332, 
2333, 
2334, 
2335, 
2336, 
2337, 
2338, 
2339, 
2340, 
2341, 
2342, 
2343, 
2344, 
2345, 
2346, 
2347, 
2348, 
2349, 159.939697
2350, 
2351, 
2352, 
2353, 
2354, 
2355, 
2356, 
2357, 
2358, 
2359, 
2360, 
2361, 
2362, 
2363, 
2364, 
2365, 
2366, 
2367, 
2368, 
2369, 160.827408
2370, 162.069580
2371, 
2372, 
2373, 164.796021
2374, 
2375, 
2376, 
2377, 160.657974
2378, 
2379, 162.286835
2380, 
2381, 
2382, 164.785782
2383, 
2384, 162.107483
2385, 
2386, 158.576172
2387, 
2388, 
2389, 159.343781
2390, 
2391, 161.277618
2392, 
2393, 162.153992
2394, 
2395, 159.104385
2396, 
2397, 166.177338
2398, 
2399, 
2400, 167.229187
2401, 165.358459
2402, 
2403, 
2404, 160.859238
2405, 
2406, 
2407, 163.424042
2408, 
2409, 
2410, 
2411, 
2412, 
2413, 
2414, 
2415, 
2416, 
2417, 
2418, 
2419, 
2420, 
2421, 
2422, 
2423, 
2424, 165.483490
2425, 
2426, 
2427, 
2428, 161.334137
2429, 
2430, 
2431, 
2432, 
2433, 
2434, 
2435, 
2436, 
2437, 
2438, 
2439, 
2440, 
2441, 
2442, 
2443, 
2444, 
2445, 
2446, 
2447, 
2448, 
2449, 167.850235
2450, 
2451, 
2452, 
2453, 
2454, 
2455, 
2456, 
2457, 
2458, 165.458557
2459, 161.472839
2460, 
2461, 
2462, 
2463, 163.865341
2464, 
2465, 160.331726
2466, 
2467, 160.200043
2468, 
2469, 161.994293
2470, 161.955948
2471, 
2472, 
2473, 165.164978
2474, 
2475, 162.672180
2476, 
2477, 158.583786
2478, 
2479, 
2480, 
2481, 
2482, 
2483, 
2484, 
2485, 
2486, 
2487, 
2488, 
2489, 
2490, 
2491, 
2492, 
2493, 
2494, 
2495, 
2496, 
2497, 
2498, 
2499, 
2500, 
2501, 
2502, 
2503, 
2504, 
2505, 
2506, 
2507, 
2508, 
2509, 
2510, 164.779541
2511, 
2512, 
2513, 161.258713
2514, 
2515, 159.709244
2516, 163.304047
2517, 
2518, 
2519, 
2520, 
2521, 
2522, 
2523, 
2524, 
2525, 
2526, 
2527, 
2528, 
2529, 
2530, 
2531, 
2532, 
2533, 
2534, 
2535, 
2536, 
2537, 164.756927
2538, 
2539, 163.702713
2540, 160.712921
2541, 
2542, 
2543, 164.111710
2544, 160.857773
2545, 
2546, 
2547, 160.684311
2548, 163.768021
2549, 
2550, 
2551, 
2552, 
2553, 
2554, 
2555, 
2556, 
2557, 
2558, 
2559, 
2560, 158.125900
2561, 
2562, 162.361649
2563, 
2564, 
2565, 
2566, 160.747314
2567, 
2568, 
2569, 
2570, 165.469177
2571, 
2572, 
2573, 162.247650
2574, 
2575, 
2576, 
2577, 
2578, 
2579, 
2580, 
2581, 
2582, 
2583, 
2584, 
2585, 
2586, 
2587, 159.123047
2588, 
2589, 
2590, 
2591, 
2592, 
2593, 
2594, 
2595, 
2596, 
2597, 
2598, 
2599, 
2600, 
2601, 
2602, 
2603, 
2604, 167.257141
2605, 
2606, 
2607, 
2608, 
2609, 
2610, 
2611, 
2612, 
2613, 
2614, 
2615, 
2616, 
2617, 
2618, 
2619, 160.193069
2620, 
2621, 
2622, 
2623, 164.084915
2624, 
2625, 
2626, 
2627, 165.518005
2628, 
2629, 
2630, 160.491928
2631, 
2632, 164.025284
2633, 160.242584
2634, 
2635, 
2636, 
2637, 162.008682
2638, 
2639, 161.612747
2640, 
2641, 
2642, 158.442200
2643, 
2644, 
2645, 160.759659
2646, 
2647, 161.460724
2648, 163.362488
2649, 163.870605
2650, 
2651, 
2652, 161.576279
2653, 157.549332
2654, 
2655, 
2656, 160.628983
2657, 
2658, 161.200867
2659, 
2660, 
2661, 
2662, 
2663, 
2664, 
2665, 
2666, 
2667, 
2668, 
2669, 
2670, 
2671, 
2672, 
2673, 164.489410
2674, 
2675, 158.988037
2676, 
2677, 
2678, 
2679, 
2680, 
2681, 
2682, 
2683, 
2684, 
2685, 
2686, 
2687, 
2688, 
2689, 
2690, 
2691, 
2692, 
2693, 
2694, 
2695, 
2696, 
2697, 
2698, 
2699, 
2700, 
2701, 
2702, 
2703, 
2704, 
2705, 
2706, 
2707, 159.267593
2708, 
2709, 
2710, 
2711, 163.536942
2712, 
2713, 
2714, 
2715, 164.628220
2716, 
2717, 162.359314
2718, 163.667099
2719, 
2720, 
2721, 163.513580
2722, 
2723, 159.071716
2724, 
2725, 163.328415
2726, 
2727, 
2728, 158.453918
2729, 
2730, 165.780396
2731, 
2732, 
2733, 163.282639
2734, 
2735, 
2736, 
2737, 
2738, 
2739, 
2740, 
2741, 
2742, 
2743, 
2744, 
2745, 
2746, 
2747, 
2748, 
2749, 
2750, 
2751, 
2752, 
2753, 
2754, 
2755, 
2756, 
2757, 
2758, 
2759, 
2760, 
2761, 
2762, 
2763, 
2764, 
2765, 
2766, 
2767, 
2768, 
2769, 160.171082
2770, 
2771, 
2772, 
2773, 165.055618
2774, 
2775, 163.134201
2776, 
2777, 166.703262
2778, 
2779, 
2780, 
2781, 
2782, 
2783, 
2784, 
2785, 
2786, 
2787, 
2788, 
2789, 
2790, 
2791, 
2792, 
2793, 
2794, 164.002335
2795, 
2796, 
2797, 159.832977
2798, 
2799, 165.954376
2800, 164.188889
2801, 
2802, 159.976776
2803, 
2804, 165.922867
2805, 159.741348
2806, 
2807, 167.751953
2808, 
2809, 165.288239
2810, 
2811, 
2812, 158.987671
2813, 
2814, 
2815, 
2816, 
2817, 163.826950
2818, 162.337662
2819, 
2820, 
2821, 157.081635
2822, 
2823, 
2824, 
2825, 
2826, 
2827, 
2828, 
2829, 
2830, 
2831, 
2832, 
2833, 
2834, 
2835, 
2836, 
2837, 
2838, 
2839, 
2840, 
2841, 
2842, 
2843, 
2844, 
2845, 
2846, 
2847, 
2848, 
2849, 
2850, 
2851, 159.112915
2852, 
2853, 164.093826
2854, 
2855, 
2856, 
2857, 
2858, 
2859, 
2860, 
2861, 
2862, 
2863, 
2864, 
2865, 
2866, 
2867, 
2868, 
2869, 
2870, 
2871, 
2872, 
2873, 
2874, 
2875, 165.452347
2876, 
2877, 
2878, 
2879, 
2880, 166.227997
2881, 
2882, 
2883, 
2884, 
2885, 159.741608
2886, 
2887, 161.865631
2888, 
2889, 160.523087
2890, 
2891, 163.983795
2892, 
2893, 160.160538
2894, 
2895, 159.402069
2896, 
2897, 158.829437
2898, 
2899, 165.269775
2900, 163.310486
2901, 160.427200
2902, 
2903, 164.474136
2904, 159.574417
2905, 
2906, 161.280563
2907, 
2908, 
2909, 
2910, 164.011307
2911, 
2912, 
2913, 164.087326
2914, 
2915, 
2916, 
2917, 
2918, 
2919, 
2920, 
2921, 
2922, 
2923, 
2924, 
2925, 165.714615
2926, 
2927, 158.475311
2928, 
2929, 
2930, 
2931, 
2932, 
2933, 
2934, 
2935, 
2936, 
2937, 
2938, 
2939, 
2940, 
2941, 
2942, 
2943, 
2944, 
2945, 
2946, 
2947, 
2948, 
2949, 
2950, 
2951, 
2952, 
2953, 
2954, 
2955, 
2956, 
2957, 
2958, 
2959, 
2960, 
2961, 
2962, 
2963, 
2964, 
2965, 
2966, 
2967, 
2968, 
2969, 
2970, 161.260086
2971, 166.146469
2972, 
2973, 164.252472
2974, 
2975, 165.802444
2976, 
2977, 159.491425
2978, 
2979, 162.631927
2980, 
2981, 
2982, 163.081146
2983, 
2984, 160.488007
2985, 
2986, 
2987, 162.795868
2988, 161.056396
2989, 163.924896
2990, 
2991, 
2992, 
2993, 
2994, 
2995, 
2996, 
2997, 
2998, 
2999, 
3000, 
3001, 
3002, 
3003, 
3004, 
3005, 
3006, 
3007, 
3008, 
3009, 
3010, 
3011, 
3012, 
3013, 
3014, 
3015, 
3016, 
3017, 
3018, 
3019, 
3020, 
3021, 
3022, 
3023, 
3024, 
3025, 
3026, 160.879791
3027, 161.643036
3028, 
3029, 
3030, 161.288666
3031, 
3032, 165.793777
3033, 
3034, 
3035, 
3036, 
3037, 
3038, 
3039, 
3040, 
3041, 
3042, 
3043, 
3044, 
3045, 
3046, 
3047, 
3048, 
3049, 
3050, 
3051, 163.285965
3052, 165.158554
3053, 
3054, 
3055, 160.462540
3056, 
3057, 
3058, 163.051620
3059, 
3060, 159.016724
3061, 160.975357
3062, 
3063, 
3064, 166.320374
3065, 
3066, 161.216980
3067, 
3068, 159.867523
3069, 
3070, 163.777893
3071, 160.452316
3072, 
3073, 159.334305
3074, 
3075, 158.025742
3076, 
3077, 
3078, 
3079, 
3080, 
3081, 
3082, 
3083, 
3084, 
3085, 
3086, 
3087, 
3088, 
3089, 
3090, 
3091, 
3092, 
3093, 
3094, 
3095, 
3096, 
3097, 
3098, 
3099, 
3100, 
3101, 164.315643
3102, 
3103, 
3104, 
3105, 157.900757
3106, 
3107, 
3108, 
3109, 
3110, 
3111, 
3112, 
3113, 
3114, 
3115, 
3116, 
3117, 
3118, 
3119, 
3120, 
3121, 
3122, 
3123, 
3124, 
3125, 
3126, 
3127, 
3128, 
3129, 165.922546
3130, 
3131, 
3132, 162.911453
3133, 161.610977
3134, 
3135, 
3136, 
3137, 
3138, 
3139, 
3140, 
3141, 165.134338
3142, 
3143, 165.825653
3144, 
3145, 
3146, 161.418732
3147, 
3148, 
3149, 
3150, 166.220154
3151, 
3152, 162.421188
3153, 
3154, 
3155, 
3156, 
3157, 
3158, 162.479111
3159, 
3160, 158.885651
3161, 162.573273
3162, 
3163, 
3164, 166.036255
3165, 
3166, 163.826096
3167, 
3168, 164.516373
3169, 162.938644
3170, 162.267166
3171, 
3172, 
3173, 
3174, 
3175, 
3176, 
3177, 
3178, 
3179, 
3180, 165.291183
3181, 
3182, 164.252502
3183, 
3184, 
3185, 
3186, 
3187, 
3188, 
3189, 
3190, 
3191, 
3192, 
3193, 
3194, 
3195, 
3196, 
3197, 
3198, 
3199, 
3200, 
3201, 
3202, 
3203, 
3204, 
3205, 
3206, 
3207, 
3208, 
3209, 
3210, 
3211, 
3212, 
3213, 
3214, 
3215, 
3216, 
3217, 
3218, 
3219, 
3220, 
3221, 
3222, 
3223, 
3224, 162.678223
3225, 
3226, 162.654282
3227, 
3228, 166.017776
3229, 161.889694
3230, 159.091415
3231, 
3232, 158.143051
3233, 163.686279
3234, 
3235, 
3236, 161.405350
3237, 
3238, 160.190674
3239, 
3240, 162.840912
3241, 
3242, 
3243, 159.925964
3244, 
3245, 158.678574
3246, 
3247, 
3248, 
3249, 
3250, 
3251, 
3252, 
3253, 
3254, 
3255, 
3256, 
3257, 
3258, 
3259, 
3260, 
3261, 
3262, 
3263, 
3264, 
3265, 
3266, 
3267, 
3268, 
3269, 
3270, 
3271, 
3272, 
3273, 
3274, 
3275, 
3276, 
3277, 
3278, 
3279, 
3280, 
3281, 
3282, 162.245865
3283, 
3284, 158.562103
3285, 
3286, 
3287, 
3288, 
3289, 
3290, 163.242188
3291, 
3292, 
3293, 
3294, 
3295, 
3296, 
3297, 161.070145
3298, 
3299, 
3300, 
3301, 
3302, 
3303, 163.650497
3304, 
3305, 161.230911
3306, 
3307, 162.636810
3308, 
3309, 162.261383
3310, 
3311, 158.633514
3312, 
3313, 162.262314
3314, 
3315, 159.209152
3316, 
3317, 
3318, 160.837402
3319, 
3320, 164.041107
3321, 
3322, 
3323, 166.079910
3324, 
3325, 
3326, 158.969650
3327, 159.456757
3328, 
3329, 162.325775
3330, 
3331, 
3332, 
3333, 
3334, 
3335, 
3336, 
3337, 
3338, 
3339, 
3340, 
3341, 
3342, 
3343, 
3344, 
3345, 
3346, 
3347, 
3348, 
3349, 166.147614
3350, 
3351, 
3352, 
3353, 
3354, 
3355, 
3356, 
3357, 
3358, 
3359, 
3360, 
3361, 
3362, 161.014435
3363, 
3364, 
3365, 
3366, 
3367, 
3368, 
3369, 
3370, 
3371, 
3372, 
3373, 
3374, 
3375, 
3376, 
3377, 
3378, 
3379, 
3380, 
3381, 
3382, 
3383, 
3384, 
3385, 164.106598
3386, 
3387, 165.454651
3388, 
3389, 
3390, 
3391, 
3392, 
3393, 
3394, 159.118134
3395, 
3396, 157.999710
3397, 
3398, 158.147354
3399, 
3400, 
3401, 164.578461
3402, 168.457840
3403, 
3404, 
3405, 
3406, 164.191833
3407, 
3408, 160.754761
3409, 
3410, 
3411, 
3412, 158.696686
3413, 
3414, 
3415, 
3416, 
3417, 
3418, 162.255310
3419, 
3420, 159.463394
3421, 
3422, 162.966476
3423, 
3424, 169.942139
3425, 162.063248
3426, 163.619019
3427, 
3428, 
3429, 
3430, 162.480179
3431, 
3432, 160.238724
3433, 
3434, 
3435, 
3436, 
3437, 
3438, 
3439, 
3440, 
3441, 
3442, 
3443, 
3444, 
3445, 
3446, 
3447, 
3448, 
3449, 
3450, 
3451, 
3452, 
3453, 
3454, 
3455, 
3456, 
3457, 
3458, 
3459, 
3460, 
3461, 
3462, 
3463, 
3464, 
3465, 
3466, 
3467, 
3468, 
3469, 
3470, 
3471, 
3472, 
3473, 
3474, 
3475, 
3476, 159.376877
3477, 
3478, 
3479, 
3480, 
3481, 
3482, 266.308472
3483, 164.994720
3484, 
3485, 162.452881
3486, 
3487, 161.889877
3488, 
3489, 159.696320
3490, 167.712616
3491, 
3492, 159.540558
3493, 
3494, 163.933716
3495, 
3496, 
3497, 166.084808
3498, 
3499, 
3500, 160.871201
3501, 
3502, 160.927750
3503, 
3504, 
3505, 161.664322
3506, 
3507, 
3508, 
3509, 
3510, 
3511, 
3512, 
3513, 
3514, 
3515, 
3516, 
3517, 
3518, 
3519, 
3520, 
3521, 
3522, 
3523, 
3524, 
3525, 
3526, 
3527, 
3528, 
3529, 
3530, 
3531, 
3532, 
3533, 
3534, 157.642975
3535, 
3536, 
3537, 
3538, 
3539, 164.812851
3540, 
3541, 
3542, 
3543, 162.945770
3544, 
3545, 
3546, 
3547, 
3548, 
3549, 
3550, 
3551, 
3552, 
3553, 
3554, 
3555, 
3556, 161.919952
3557, 
3558, 163.683853
3559, 
3560, 
3561, 163.419708
3562, 
3563, 162.509842
3564, 
3565, 163.957916
3566, 
3567, 158.759842
3568, 
3569, 
3570, 162.672852
3571, 167.100204
3572, 
3573, 162.697128
3574, 
3575, 
3576, 167.871109
3577, 
3578, 
3579, 161.115616
3580, 159.393723
3581, 167.385788
3582, 165.640350
3583, 
3584, 
3585, 
3586, 
3587, 
3588, 
3589, 
3590, 
3591, 
3592, 
3593, 
3594, 
3595, 
3596, 
3597, 
3598, 
3599, 
3600, 
3601, 163.234589
3602, 
3603, 
3604, 
3605, 
3606, 
3607, 
3608, 
3609, 
3610, 
3611, 
3612, 
3613, 
3614, 
3615, 
3616, 
3617, 
3618, 
3619, 
3620, 
3621, 
3622, 
3623, 162.517731
3624, 
3625, 
3626, 
3627, 
3628, 
3629, 
3630, 
3631, 
3632, 
3633, 
3634, 
3635, 
3636, 
3637, 
3638, 
3639, 
3640, 
3641, 
3642, 
3643, 
3644, 
3645, 
3646, 
3647, 162.991501
3648, 
3649, 159.200089
3650, 
3651, 164.076065
3652, 
3653, 163.331665
3654, 
3655, 
3656, 161.476456
3657, 
3658, 159.130020
3659, 
3660, 161.204010
3661, 
3662, 
3663, 160.382950
3664, 
3665, 
3666, 160.599518
3667, 
3668, 157.592682
3669, 
3670, 161.140915
3671, 
3672, 
3673, 163.139053
3674, 
3675, 163.658768
3676, 161.769821
3677, 
3678, 
3679, 
3680, 159.597366
3681, 
3682, 
3683, 159.793243
3684, 
3685, 
3686, 
3687, 
3688, 165.062729
3689, 
3690, 
3691, 
3692, 
3693, 
3694, 
3695, 
3696, 
3697, 
3698, 
3699, 
3700, 
3701, 
3702, 
3703, 
3704, 
3705, 
3706, 
3707, 
3708, 
3709, 
3710, 
3711, 
3712, 
3713, 
3714, 
3715, 
3716, 
3717, 
3718, 
3719, 
3720, 
3721, 
3722, 
3723, 
3724, 
3725, 
3726, 
3727, 
3728, 
3729, 
3730, 
3731, 
3732, 
3733, 161.521240
3734, 
3735, 162.648590
3736, 160.467239
3737, 
3738, 
3739, 163.200424
3740, 
3741, 166.088974
3742, 
3743, 
3744, 
3745, 163.986511
3746, 161.705200
3747, 
3748, 
3749, 161.614258
3750, 
3751, 161.507629
3752, 160.522507
3753, 
3754, 159.908783
3755, 162.172256
3756, 
3757, 
3758, 
3759, 
3760, 
3761, 
3762, 
3763, 
3764, 
3765, 
3766, 
3767, 160.306107
3768, 
3769, 
3770, 
3771, 
3772, 
3773, 
3774, 
3775, 
3776, 
3777, 
3778, 
3779, 
3780, 
3781, 
3782, 
3783, 
3784, 
3785, 
3786, 162.274246
3787, 
3788, 
3789, 
3790, 
3791, 
3792, 161.938431
3793, 
3794, 
3795, 
3796, 159.715607
3797, 
3798, 
3799, 
3800, 
3801, 
3802, 
3803, 
3804, 
3805, 
3806, 
3807, 
3808, 
3809, 
3810, 162.051132
3811, 
3812, 163.626907
3813, 
3814, 160.308655
3815, 
3816, 159.403030
3817, 
3818, 161.705597
3819, 
3820, 163.507202
3821, 
3822, 166.424698
3823, 
3824, 162.189453
3825, 
3826, 159.082535
3827, 
3828, 
3829, 
3830, 163.249451
3831, 
3832, 164.486008
3833, 
3834, 160.145142
3835, 
3836, 159.194626
3837, 
3838, 
3839, 
3840, 
3841, 
3842, 
3843, 
3844, 
3845, 
3846, 
3847, 
3848, 
3849, 
3850, 
3851, 
3852, 
3853, 
3854, 
3855, 
3856, 
3857, 
3858, 
3859, 
3860, 
3861, 
3862, 
3863, 
3864, 
3865, 
3866, 166.737152
3867, 
3868, 
3869, 
3870, 
3871, 
3872, 
3873, 
3874, 
3875, 
3876, 158.691315
3877, 
3878, 
3879, 
3880, 
3881, 
3882, 
3883, 
3884, 
3885, 
3886, 
3887, 
3888, 
3889, 
3890, 
3891, 
3892, 
3893, 
3894, 
3895, 
3896, 
3897, 163.175919
3898, 
3899, 
3900, 
3901, 166.448364
3902, 162.770004
3903, 
3904, 160.465698
3905, 
3906, 162.117584
3907, 
3908, 
3909, 
3910, 162.341797
3911, 
3912, 164.018600
3913, 
3914, 
3915, 163.801453
3916, 159.376953
3917, 
3918, 
3919, 162.566269
3920, 
3921, 
3922, 
3923, 
3924, 163.788864
3925, 
3926, 
3927, 166.101944
3928, 
3929, 158.993530
3930, 
3931, 
3932, 162.572662
3933, 
3934, 
3935, 159.041870
3936, 
3937, 167.243835
3938, 
3939, 158.006836
3940, 
3941, 
3942, 165.192780
3943, 
3944, 
3945, 
3946, 
3947, 
3948, 
3949, 
3950, 
3951, 
3952, 
3953, 
3954, 
3955, 
3956, 
3957, 
3958, 
3959, 
3960, 
3961, 
3962, 
3963, 
3964, 
3965, 
3966, 
3967, 
3968, 
3969, 
3970, 
3971, 
3972, 
3973, 
3974, 
3975, 
3976, 
3977, 
3978, 
3979, 
3980, 
3981, 
3982, 
3983, 
3984, 
3985, 
3986, 159.461700
3987, 
3988, 165.291473
3989, 
3990, 162.194763
3991, 
3992, 160.424210
3993, 157.214661
3994, 
3995, 
3996, 
3997, 161.044006
3998, 158.643417
3999, 
4000, 
4001, 164.002823
4002, 
4003, 160.185577
4004, 
4005, 160.824509
4006, 
4007, 157.181168
4008, 
4009, 
4010, 
4011, 162.134521
4012, 
4013, 
4014, 
4015, 
4016, 
4017, 
4018, 
4019, 
4020, 
4021, 
4022, 
4023, 
4024, 
4025, 
4026, 
4027, 
4028, 
4029, 
4030, 
4031, 159.591400
4032, 
4033, 
4034, 
4035, 
4036, 
4037, 
4038, 163.277908
4039, 
4040, 165.814117
4041, 
4042, 
4043, 158.130447
4044, 
4045, 
4046, 
4047, 
4048, 
4049, 
4050, 
4051, 
4052, 
4053, 
4054, 
4055, 
4056, 
4057, 
4058, 
4059, 
4060, 
4061, 
4062, 
4063, 164.671585
4064, 
4065, 
4066, 160.014023
4067, 
4068, 164.939697
4069, 
4070, 160.616425
4071, 
4072, 164.494141
4073, 
4074, 
4075, 161.607727
4076, 
4077, 
4078, 
4079, 162.877335
4080, 
4081, 
4082, 164.451477
4083, 158.137314
4084, 
4085, 
4086, 
4087, 158.959259
4088, 
4089, 
4090, 162.660751
4091, 
4092, 161.328659
4093, 
4094, 
4095, 162.580078
4096, 
4097, 
4098, 
4099, 
4100, 
4101, 
4102, 
4103, 
4104, 
4105, 
4106, 
4107, 
4108, 
4109, 
4110, 
4111, 
4112, 
4113, 
4114, 
4115, 
4116, 
4117, 
4118, 163.867233
4119, 
4120, 
4121, 
4122, 158.463837
4123, 
4124, 
4125, 
4126, 
4127, 
4128, 
4129, 
4130, 
4131, 
4132, 
4133, 
4134, 
4135, 
4136, 
4137, 
4138, 
4139, 
4140, 
4141, 
4142, 
4143, 
4144, 
4145, 
4146, 
4147, 
4148, 
4149, 
4150, 
4151, 
4152, 162.964935
4153, 
4154, 
4155, 159.245316
4156, 
4157, 
4158, 163.881683
4159, 
4160, 159.980469
4161, 
4162, 161.655624
4163, 
4164, 164.918182
4165, 
4166, 
4167, 158.310791
4168, 164.172028
4169, 
4170, 
4171, 165.023056
4172, 
4173, 164.990936
4174, 162.902237
4175, 
4176, 160.497177
4177, 
4178, 162.217667
4179, 
4180, 162.095825
4181, 
4182, 
4183, 
4184, 
4185, 
4186, 167.451202
4187, 163.929321
4188, 
4189, 
4190, 164.590729
4191, 
4192, 
4193, 
4194, 161.240295
4195, 
4196, 
4197, 
4198, 
4199, 
4200, 
4201, 
4202, 
4203, 
4204, 
4205, 
4206, 
4207, 
4208, 
4209, 
4210, 
4211, 
4212, 
4213, 
4214, 
4215, 
4216, 
4217, 
4218, 
4219, 
4220, 
4221, 
4222, 
4223, 
4224, 
4225, 
4226, 
4227, 
4228, 
4229, 
4230, 
4231, 
4232, 
4233, 
4234, 
4235, 
4236, 
4237, 
4238, 
4239, 
4240, 
4241, 160.623978
4242, 
4243, 161.712158
4244, 163.165100
4245, 
4246, 163.056656
4247, 
4248, 
4249, 163.791641
4250, 
4251, 
4252, 161.968369
4253, 
4254, 160.431534
4255, 
4256, 162.767120
4257, 
4258, 165.876251
4259, 165.365097
4260, 
4261, 158.356140
4262, 
4263, 163.514435
4264, 
4265, 
4266, 
4267, 
4268, 
4269, 
4270, 
4271, 
4272, 
4273, 
4274, 
4275, 
4276, 
4277, 
4278, 
4279, 
4280, 
4281, 
4282, 
4283, 
4284, 
4285, 
4286, 
4287, 
4288, 
4289, 167.812439
4290, 
4291, 159.282104
4292, 
4293, 
4294, 
4295, 
4296, 
4297, 
4298, 160.691986
4299, 
4300, 
4301, 
4302, 
4303, 
4304, 
4305, 
4306, 
4307, 
4308, 
4309, 
4310, 
4311, 
4312, 
4313, 
4314, 
4315, 
4316, 
4317, 165.304749
4318, 
4319, 
4320, 159.610458
4321, 
4322, 
4323, 161.178589
4324, 161.697754
4325, 
4326, 
4327, 166.446442
4328, 161.215790
4329, 
4330, 
4331, 164.341431
4332, 
4333, 165.359573
4334, 
4335, 161.107239
4336, 
4337, 
4338, 
4339, 161.087997
4340, 
4341, 160.282455
4342, 158.362320
4343, 
4344, 159.903595
4345, 
4346, 
4347, 
4348, 165.595703
4349, 
4350, 
4351, 
4352, 
4353, 
4354, 
4355, 
4356, 
4357, 
4358, 
4359, 
4360, 
4361, 
4362, 
4363, 
4364, 
4365, 
4366, 
4367, 
4368, 
4369, 
4370, 
4371, 
4372, 
4373, 166.349899
4374, 160.490631
4375, 
4376, 
4377, 
4378, 
4379, 
4380, 
4381, 
4382, 
4383, 
4384, 
4385, 
4386, 
4387, 
4388, 
4389, 
4390, 
4391, 
4392, 
4393, 
4394, 
4395, 
4396, 
4397, 
4398, 
4399, 
4400, 
4401, 
4402, 164.158279
4403, 
4404, 
4405, 166.649002
4406, 159.436508
4407, 157.794708
4408, 
4409, 
4410, 
4411, 
4412, 166.775696
4413, 
4414, 
4415, 160.993195
4416, 
4417, 161.204147
4418, 
4419, 163.373474
4420, 
4421, 
4422, 161.115570
4423, 
4424, 
4425, 162.434097
4426, 
4427, 
4428, 162.825684
4429, 
4430, 
4431, 
4432, 
4433, 
4434, 
4435, 
4436, 
4437, 
4438, 
4439, 160.328751
4440, 
4441, 165.154175
4442, 
4443, 161.807434
4444, 
4445, 160.086548
4446, 
4447, 159.135391
4448, 
4449, 
4450, 163.817535
4451, 
4452, 
4453, 
4454, 
4455, 
4456, 
4457, 
4458, 
4459, 
4460, 
4461, 
4462, 
4463, 
4464, 
4465, 
4466, 
4467, 
4468, 
4469, 
4470, 
4471, 
4472, 
4473, 
4474, 
4475, 
4476, 
4477, 
4478, 
4479, 
4480, 
4481, 
4482, 
4483, 
4484, 
4485, 
4486, 
4487, 
4488, 
4489, 
4490, 
4491, 
4492, 164.958710
4493, 
4494, 
4495, 160.613968
4496, 161.763229
4497, 157.574051
4498, 
4499, 165.057755
4500, 
4501, 
4502, 160.825638
4503, 162.433655
4504, 
4505, 
4506, 161.699188
4507, 
4508, 164.349930
4509, 159.989044
4510, 
4511, 
4512, 
4513, 
4514, 159.365372
4515, 
4516, 
4517, 
4518, 163.586365
4519, 
4520, 
4521, 
4522, 
4523, 
4524, 
4525, 
4526, 
4527, 
4528, 
4529, 
4530, 
4531, 
4532, 
4533, 
4534, 
4535, 
4536, 
4537, 
4538, 
4539, 
4540, 
4541, 
4542, 
4543, 
4544, 
4545, 
4546, 
4547, 163.584839
4548, 
4549, 
4550, 166.453674
4551, 
4552, 157.690979
4553, 
4554, 
4555, 
4556, 
4557, 
4558, 
4559, 
4560, 
4561, 
4562, 
4563, 
4564, 
4565, 
4566, 
4567, 
4568, 
4569, 
4570, 
4571, 
4572, 
4573, 
4574, 159.300293
4575, 
4576, 
4577, 162.219620
4578, 161.247910
4579, 
4580, 
4581, 164.772736
4582, 
4583, 159.687683
4584, 161.938522
4585, 
4586, 
4587, 160.514816
4588, 165.040604
4589, 
4590, 
4591, 160.409439
4592, 
4593, 
4594, 163.454651
4595, 
4596, 158.660461
4597, 164.906891
4598, 161.794327
4599, 
4600, 161.146942
4601, 
4602, 
4603, 166.968872
4604, 
4605, 
4606, 
4607, 
4608, 
4609, 
4610, 
4611, 
4612, 
4613, 
4614, 
4615, 
4616, 
4617, 
4618, 
4619, 164.783737
4620, 
4621, 
4622, 
4623, 
4624, 
4625, 
4626, 
4627, 
4628, 162.373611
4629, 
4630, 
4631, 
4632, 
4633, 
4634, 
4635, 
4636, 
4637, 
4638, 
4639, 
4640, 
4641, 
4642, 
4643, 
4644, 
4645, 
4646, 
4647, 
4648, 
4649, 
4650, 
4651, 
4652, 
4653, 
4654, 
4655, 
4656, 
4657, 161.561523
4658, 
4659, 
4660, 
4661, 
4662, 162.209808
4663, 
4664, 161.019623
4665, 
4666, 158.445297
4667, 
4668, 159.873077
4669, 
4670, 163.439682
4671, 
4672, 159.723206
4673, 
4674, 160.965744
4675, 163.652039
4676, 
4677, 164.912292
4678, 
4679, 158.598480
4680, 
4681, 
4682, 
4683, 
4684, 
4685, 
4686, 160.730850
4687, 
4688, 
4689, 
4690, 165.007523
4691, 
4692, 
4693, 
4694, 
4695, 
4696, 164.031616
4697, 
4698, 163.157715
4699, 
4700, 
4701, 
4702, 
4703, 160.835327
4704, 
4705, 
4706, 
4707, 
4708, 
4709, 
4710, 
4711, 
4712, 
4713, 160.382980
4714, 
4715, 
4716, 
4717, 
4718, 
4719, 
4720, 
4721, 
4722, 
4723, 
4724, 
4725, 
4726, 
4727, 
4728, 
4729, 
4730, 
4731, 
4732, 
4733, 
4734, 
4735, 
4736, 
4737, 
4738, 
4739, 
4740, 
4741, 
4742, 
4743, 
4744, 
4745, 159.308533
4746, 160.651276
4747, 
4748, 
4749, 
4750, 166.606491
4751, 
4752, 
4753, 164.792114
4754, 
4755, 157.796967
4756, 
4757, 162.918579
4758, 
4759, 
4760, 160.194473
4761, 162.615448
4762, 164.387985
4763, 
4764, 160.556610
4765, 157.240829
4766, 157.876022
4767, 
4768, 
4769, 
4770, 
4771, 
4772, 
4773, 
4774, 
4775, 
4776, 
4777, 
4778, 
4779, 
4780, 
4781, 
4782, 
4783, 
4784, 
4785, 
4786, 
4787, 
4788, 
4789, 
4790, 
4791, 
4792, 
4793, 
4794, 
4795, 
4796, 
4797, 
4798, 
4799, 
4800, 
4801, 159.917007
4802, 
4803, 
4804, 163.380386
4805, 
4806, 
4807, 
4808, 
4809, 
4810, 158.851379
4811, 
4812, 
4813, 
4814, 
4815, 
4816, 
4817, 
4818, 
4819, 
4820, 
4821, 
4822, 
4823, 
4824, 
4825, 
4826, 163.875534
4827, 
4828, 
4829, 160.551254
4830, 
4831, 
4832, 160.684631
4833, 
4834, 
4835, 163.176620
4836, 160.687683
4837, 159.268372
4838, 
4839, 
4840, 
4841, 164.598358
4842, 164.420593
4843, 
4844, 
4845, 158.571518
4846, 
4847, 162.134018
4848, 163.746353
4849, 
4850, 
4851, 163.952255
4852, 
4853, 158.272095
4854, 
4855, 
4856, 167.057236
4857, 
4858, 
4859, 
4860, 
4861, 
4862, 166.018433
4863, 
4864, 
4865, 
4866, 
4867, 
4868, 
4869, 
4870, 
4871, 
4872, 
4873, 161.471817
4874, 
4875, 
4876, 
4877, 
4878, 
4879, 
4880, 
4881, 
4882, 
4883, 
4884, 
4885, 
4886, 
4887, 
4888, 
4889, 
4890, 
4891, 
4892, 
4893, 
4894, 
4895, 
4896, 
4897, 
4898, 
4899, 164.650131
4900, 
4901, 
4902, 
4903, 
4904, 
4905, 
4906, 164.034058
4907, 
4908, 
4909, 
4910, 
4911, 
4912, 
4913, 
4914, 165.297089
4915, 162.020233
4916, 158.884323
4917, 166.123734
4918, 
4919, 
4920, 161.341873
4921, 
4922, 160.844360
4923, 
4924, 
4925, 160.739319
4926, 
4927, 
4928, 158.484848
4929, 
4930, 161.668518
4931, 
4932, 
4933, 163.915665
4934, 
4935, 
4936, 160.904221
4937, 
4938, 
4939, 
4940, 
4941, 165.235306
4942, 
4943, 
4944, 158.542252
4945, 
4946, 
4947, 
4948, 
4949, 
4950, 
4951, 
4952, 
4953, 
4954, 
4955, 
4956, 
4957, 164.249573
4958, 
4959, 
4960, 163.051270
4961, 
4962, 
4963, 
4964, 
4965, 
4966, 
4967, 
4968, 
4969, 
4970, 
4971, 
4972, 
4973, 
4974, 
4975, 
4976, 
4977, 
4978, 
4979, 
4980, 
4981, 
4982, 
4983, 163.710678
4984, 
4985, 
4986, 
4987, 
4988, 
4989, 
4990, 
4991, 
4992, 
4993, 
4994, 
4995, 
4996, 
4997, 
4998, 
4999, 163.506973
5000, 
5001, 
5002, 162.058655
5003, 
5004, 
5005, 160.855713
5006, 
5007, 165.420166
5008, 
5009, 
5010, 166.373444
5011, 
5012, 
5013, 158.583603
5014, 
5015, 164.095001
5016, 162.488708
5017, 
5018, 159.564590
5019, 
5020, 
5021, 
5022, 162.164597
5023, 163.392380
5024, 
5025, 
5026, 
5027, 
5028, 
5029, 
5030, 
5031, 
5032, 
5033, 
5034, 
5035, 
5036, 
5037, 
5038, 
5039, 
5040, 
5041, 
5042, 
5043, 
5044, 
5045, 
5046, 
5047, 
5048, 
5049, 
5050, 
5051, 
5052, 
5053, 
5054, 
5055, 
5056, 
5057, 
5058, 
5059, 
5060, 
5061, 
5062, 166.122604
5063, 164.150848
5064, 
5065, 
5066, 
5067, 159.293762
5068, 
5069, 
5070, 
5071, 
5072, 
5073, 
5074, 
5075, 
5076, 
5077, 
5078, 
5079, 166.491333
5080, 161.610291
5081, 
5082, 
5083, 160.916580
5084, 
5085, 
5086, 
5087, 158.685196
5088, 
5089, 162.650345
5090, 
5091, 
5092, 162.577957
5093, 161.035187
5094, 
5095, 
5096, 160.221664
5097, 
5098, 
5099, 165.561462
5100, 
5101, 163.167221
5102, 
5103, 
5104, 
5105, 165.024887
5106, 163.429749
5107, 161.596451
5108, 
5109, 
5110, 
5111, 
5112, 163.535782
5113, 
5114, 
5115, 
5116, 159.053452
5117, 
5118, 
5119, 
5120, 
5121, 
5122, 
5123, 
5124, 
5125, 
5126, 
5127, 
5128, 
5129, 
5130, 
5131, 161.128357
5132, 
5133, 
5134, 
5135, 
5136, 
5137, 
5138, 
5139, 
5140, 
5141, 
5142, 
5143, 
5144, 
5145, 
5146, 
5147, 
5148, 
5149, 
5150, 
5151, 
5152, 
5153, 
5154, 
5155, 
5156, 
5157, 
5158, 
5159, 
5160, 
5161, 161.753952
5162, 
5163, 
5164, 
5165, 
5166, 
5167, 163.527832
5168, 163.592972
5169, 164.305710
5170, 
5171, 161.444931
5172, 
5173, 160.265747
5174, 
5175, 
5176, 161.557266
5177, 161.325638
5178, 
5179, 
5180, 161.406006
5181, 162.600647
5182, 160.987701
5183, 
5184, 
5185, 158.848709
5186, 
5187, 
5188, 
5189, 160.836823
5190, 
5191, 
5192, 
5193, 
5194, 158.022293
5195, 
5196, 164.479309
5197, 
5198, 
5199, 162.752274
5200, 
5201, 
5202, 
5203, 
5204, 
5205, 
5206, 
5207, 159.713409
5208, 
5209, 
5210, 
5211, 
5212, 
5213, 
5214, 
5215, 
5216, 
5217, 
5218, 
5219, 
5220, 166.599518
5221, 
5222, 
5223, 
5224, 
5225, 
5226, 
5227, 
5228, 
5229, 
5230, 
5231, 
5232, 
5233, 
5234, 
5235, 
5236, 
5237, 
5238, 
5239, 165.732849
5240, 
5241, 
5242, 
5243, 
5244, 
5245, 
5246, 
5247, 
5248, 
5249, 
5250, 
5251, 
5252, 
5253, 
5254, 159.640350
5255, 
5256, 
5257, 
5258, 161.426590
5259, 159.729355
5260, 
5261, 165.257782
5262, 
5263, 
5264, 161.879456
5265, 
5266, 160.103928
5267, 
5268, 164.994858
5269, 
5270, 
5271, 161.800491
5272, 165.719223
5273, 163.123962
5274, 161.909241
5275, 
5276, 
5277, 
5278, 
5279, 
5280, 
5281, 
5282, 
5283, 166.224457
5284, 
5285, 
5286, 
5287, 
5288, 
5289, 
5290, 
5291, 
5292, 
5293, 
5294, 
5295, 
5296, 
5297, 
5298, 
5299, 
5300, 
5301, 
5302, 
5303, 
5304, 
5305, 
5306, 
5307, 
5308, 
5309, 
5310, 
5311, 
5312, 165.132278
5313, 159.937881
5314, 
5315, 
5316, 162.763336
5317, 
5318, 
5319, 
5320, 
5321, 
5322, 
5323, 
5324, 
5325, 
5326, 
5327, 
5328, 
5329, 
5330, 
5331, 
5332, 
5333, 163.296494
5334, 
5335, 158.619354
5336, 
5337, 162.985825
5338, 
5339, 164.190765
5340, 
5341, 160.010284
5342, 
5343, 160.283600
5344, 
5345, 
5346, 163.639145
5347, 
5348, 160.157135
5349, 
5350, 163.926865
5351, 
5352, 
5353, 159.595596
5354, 
5355, 
5356, 
5357, 
5358, 
5359, 
5360, 
5361, 
5362, 162.547989
5363, 
5364, 159.904343
5365, 
5366, 
5367, 166.667236
5368, 
5369, 
5370, 
5371, 
5372, 
5373, 
5374, 
5375, 
5376, 
5377, 
5378, 
5379, 
5380, 165.481262
5381, 
5382, 
5383, 
5384, 
5385, 161.977798
5386, 
5387, 
5388, 
5389, 
5390, 
5391, 
5392, 
5393, 
5394, 
5395, 
5396, 
5397, 
5398, 
5399, 
5400, 
5401, 
5402, 
5403, 
5404, 
5405, 
5406, 
5407, 
5408, 
5409, 
5410, 
5411, 
5412, 
5413, 
5414, 
5415, 
5416, 
5417, 
5418, 
5419, 163.430740
5420, 163.950638
5421, 
5422, 
5423, 
5424, 
5425, 161.024475
5426, 159.262299
5427, 
5428, 163.556244
5429, 
5430, 
5431, 165.713882
5432, 
5433, 157.809418
5434, 
5435, 164.639252
5436, 
5437, 
5438, 160.591980
5439, 
5440, 159.434631
5441, 
5442, 163.447388
5443, 
5444, 
5445, 
5446, 
5447, 158.692520
5448, 
5449, 167.109711
5450, 
5451, 
5452, 
5453, 
5454, 
5455, 
5456, 
5457, 
5458, 
5459, 
5460, 
5461, 162.485184
5462, 
5463, 
5464, 165.862701
5465, 
5466, 
5467, 
5468, 
5469, 
5470, 
5471, 
5472, 314.457825
5473, 158.925247
5474, 
5475, 
5476, 
5477, 
5478, 
5479, 
5480, 
5481, 
5482, 
5483, 
5484, 
5485, 
5486, 
5487, 
5488, 
5489, 
5490, 
5491, 
5492, 
5493, 166.973938
5494, 
5495, 
5496, 
5497, 
5498, 
5499, 
5500, 
5501, 
5502, 
5503, 
5504, 
5505, 
5506, 
5507, 162.679031
5508, 
5509, 
5510, 
5511, 159.985291
5512, 
5513, 160.805054
5514, 
5515, 
5516, 160.997574
5517, 
5518, 159.359756
5519, 
5520, 
5521, 161.315781
5522, 
5523, 163.293793
5524, 
5525, 166.468613
5526, 159.428070
5527, 
5528, 
5529, 161.448105
5530, 
5531, 
5532, 
5533, 
5534, 
5535, 
5536, 
5537, 
5538, 
5539, 
5540, 
5541, 163.362091
5542, 
5543, 
5544, 
5545, 
5546, 
5547, 
5548, 
5549, 
5550, 
5551, 
5552, 
5553, 
5554, 
5555, 
5556, 
5557, 
5558, 
5559, 
5560, 
5561, 
5562, 
5563, 
5564, 
5565, 160.559875
5566, 
5567, 
5568, 163.819992
5569, 
5570, 
5571, 
5572, 
5573, 
5574, 
5575, 
5576, 
5577, 
5578, 
5579, 
5580, 
5581, 164.157181
5582, 
5583, 162.536911
5584, 
5585, 
5586, 161.123596
5587, 161.597137
5588, 
5589, 
5590, 
5591, 166.426392
5592, 
5593, 158.919174
5594, 
5595, 160.847534
5596, 
5597, 162.130707
5598, 
5599, 
5600, 160.888412
5601, 
5602, 158.583130
5603, 
5604, 
5605, 
5606, 162.946777
5607, 
5608, 163.063324
5609, 
5610, 
5611, 161.690750
5612, 
5613, 
5614, 
5615, 
5616, 164.856934
5617, 
5618, 
5619, 
5620, 
5621, 
5622, 
5623, 
5624, 
5625, 
5626, 
5627, 
5628, 
5629, 
5630, 
5631, 
5632, 
5633, 
5634, 
5635, 164.780807
5636, 
5637, 
5638, 
5639, 
5640, 
5641, 
5642, 158.935974
5643, 
5644, 
5645, 
5646, 
5647, 
5648, 
5649, 
5650, 
5651, 
5652, 
5653, 
5654, 
5655, 
5656, 
5657, 
5658, 
5659, 
5660, 
5661, 
5662, 
5663, 
5664, 
5665, 
5666, 
5667, 
5668, 
5669, 
5670, 
5671, 
5672, 166.929413
5673, 161.709808
5674, 
5675, 
5676, 
5677, 
5678, 
5679, 160.763031
5680, 
5681, 
5682, 162.011795
5683, 
5684, 
5685, 
5686, 
5687, 
5688, 161.220184
5689, 
5690, 160.254242
5691, 
5692, 166.228424
5693, 
5694, 
5695, 165.758072
5696, 163.333618
5697, 157.832260
5698, 
5699, 
5700, 163.795166
5701, 
5702, 160.413818
5703, 
5704, 
5705, 
5706, 161.182602
5707, 
5708, 165.591202
5709, 
5710, 
5711, 
5712, 
5713, 
5714, 162.829727
5715, 
5716, 162.805664
5717, 
5718, 
5719, 
5720, 162.667267
5721, 
5722, 158.796387
5723, 
5724, 
5725, 
5726, 
5727, 
5728, 
5729, 
5730, 
5731, 
5732, 
5733, 
5734, 
5735, 
5736, 
5737, 
5738, 
5739, 
5740, 
5741, 
5742, 
5743, 
5744, 
5745, 
5746, 
5747, 
5748, 
5749, 
5750, 
5751, 162.588058
5752, 
5753, 
5754, 
5755, 
5756, 
5757, 
5758, 
5759, 
5760, 
5761, 
5762, 
5763, 
5764, 
5765, 
5766, 166.889282
5767, 167.817184
5768, 
5769, 161.288712
5770, 
5771, 
5772, 161.658752
5773, 165.082748
5774, 160.731308
5775, 161.408020
5776, 160.653473
5777, 
5778, 
5779, 
5780, 
5781, 161.394623
5782, 
5783, 162.647629
5784, 
5785, 161.067963
5786, 
5787, 162.239105
5788, 
5789, 
5790, 
5791, 
5792, 
5793, 
5794, 
5795, 
5796, 
5797, 
5798, 
5799, 
5800, 
5801, 
5802, 
5803, 
5804, 
5805, 
5806, 
5807, 
5808, 
5809, 
5810, 
5811, 
5812, 
5813, 
5814, 
5815, 
5816, 
5817, 
5818, 
5819, 
5820, 
5821, 
5822, 165.007294
5823, 
5824, 
5825, 
5826, 
5827, 
5828, 
5829, 167.001907
5830, 
5831, 
5832, 
5833, 
5834, 
5835, 
5836, 
5837, 
5838, 
5839, 
5840, 
5841, 159.638184
5842, 
5843, 163.779617
5844, 164.849854
5845, 
5846, 164.288254
5847, 159.105057
5848, 162.357300
5849, 
5850, 161.191605
5851, 
5852, 163.229614
5853, 
5854, 166.076996
5855, 
5856, 
5857, 158.517136
5858, 
5859, 
5860, 
5861, 157.618530
5862, 
5863, 
5864, 
5865, 
5866, 
5867, 
5868, 164.991364
5869, 
5870, 162.239365
5871, 
5872, 
5873, 
5874, 
5875, 
5876, 
5877, 
5878, 
5879, 
5880, 
5881, 
5882, 
5883, 
5884, 
5885, 
5886, 
5887, 164.240143
5888, 
5889, 
5890, 
5891, 166.009567
5892, 
5893, 
5894, 
5895, 
5896, 
5897, 
5898, 
5899, 
5900, 
5901, 166.406647
5902, 
5903, 
5904, 
5905, 
5906, 
5907, 
5908, 
5909, 
5910, 
5911, 
5912, 
5913, 
5914, 
5915, 
5916, 
5917, 
5918, 
5919, 
5920, 
5921, 
5922, 
5923, 
5924, 
5925, 
5926, 
5927, 162.020691
5928, 
5929, 164.638260
5930, 
5931, 
5932, 
5933, 164.340347
5934, 
5935, 162.061371
5936, 160.859482
5937, 
5938, 
5939, 
5940, 
5941, 
5942, 
5943, 167.365356
5944, 
5945, 159.265503
5946, 
5947, 160.405273
5948, 162.367508
5949, 
5950, 
5951, 
5952, 
5953, 162.372162
5954, 
5955, 161.077896
5956, 
5957, 
5958, 
5959, 159.960205
5960, 
5961, 
5962, 164.196686
5963, 
5964, 
5965, 
5966, 161.183426
5967, 164.752350
5968, 
5969, 
5970, 
5971, 
5972, 
5973, 
5974, 
5975, 158.723251
5976, 
5977, 
5978, 
5979, 
5980, 
5981, 
5982, 
5983, 164.187241
5984, 
5985, 
5986, 
5987, 
5988, 
5989, 
5990, 
5991, 
5992, 
5993, 
5994, 
5995, 
5996, 
5997, 
5998, 
5999, 
6000, 
6001, 
6002, 
6003, 
6004, 
6005, 
6006, 
6007, 
6008, 
6009, 
6010, 
6011, 
6012, 
6013, 
6014, 
6015, 
6016, 
6017, 
6018, 
6019, 165.583130
6020, 
6021, 162.810104
6022, 
6023, 162.785187
6024, 160.673264
6025, 160.840210
6026, 
6027, 158.807724
6028, 
6029, 
6030, 165.095154
6031, 
6032, 159.627319
6033, 161.626358
6034, 158.777069
6035, 
6036, 160.179489
6037, 
6038, 
6039, 
6040, 
6041, 
6042, 
6043, 
6044, 
6045, 
6046, 
6047, 158.647079
6048, 
6049, 
6050, 
6051, 
6052, 
6053, 
6054, 
6055, 
6056, 
6057, 
6058, 
6059, 165.932541
6060, 
6061, 
6062, 
6063, 
6064, 
6065, 
6066, 
6067, 
6068, 
6069, 
6070, 
6071, 
6072, 
6073, 
6074, 
6075, 
6076, 
6077, 164.452271
6078, 
6079, 
6080, 
6081, 
6082, 164.638351
6083, 
6084, 162.982864
6085, 
6086, 164.152267
6087, 
6088, 
6089, 
6090, 
6091, 
6092, 165.052399
6093, 160.648392
6094, 
6095, 161.457855
6096, 
6097, 159.849792
6098, 
6099, 
6100, 
6101, 
6102, 
6103, 160.166382
6104, 
6105, 161.204742
6106, 
6107, 
6108, 159.006470
6109, 
6110, 162.721283
6111, 
6112, 
6113, 162.505966
6114, 
6115, 160.884628
6116, 159.911880
6117, 
6118, 
6119, 
6120, 
6121, 
6122, 
6123, 
6124, 
6125, 
6126, 
6127, 
6128, 
6129, 
6130, 
6131, 
6132, 
6133, 
6134, 
6135, 
6136, 
6137, 
6138, 
6139, 
6140, 
6141, 
6142, 
6143, 
6144, 
6145, 
6146, 
6147, 
6148, 
6149, 166.301102
6150, 
6151, 
6152, 
6153, 
6154, 
6155, 
6156, 
6157, 164.113312
6158, 
6159, 
6160, 160.907349
6161, 
6162, 
6163, 
6164, 
6165, 
6166, 
6167, 
6168, 
6169, 
6170, 
6171, 
6172, 
6173, 
6174, 
6175, 
6176, 
6177, 
6178, 
6179, 
6180, 
6181, 165.521362
6182, 162.161713
6183, 
6184, 
6185, 159.230438
6186, 161.314209
6187, 
6188, 
6189, 163.870758
6190, 
6191, 
6192, 163.196472
6193, 
6194, 
6195, 159.006409
6196, 
6197, 
6198, 165.881989
6199, 
6200, 
6201, 
6202, 165.074631
6203, 
6204, 
6205, 
6206, 
6207, 157.629929
6208, 
6209, 
6210, 
6211, 
6212, 161.691330
6213, 165.776794
6214, 
6215, 
6216, 
6217, 
6218, 158.462051
6219, 
6220, 
6221, 
6222, 
6223, 163.023804
6224, 
6225, 
6226, 159.963913
6227, 
6228, 163.382156
6229, 
6230, 
6231, 
6232, 
6233, 
6234, 
6235, 
6236, 
6237, 
6238, 
6239, 
6240, 164.384506
6241, 
6242, 
6243, 
6244, 
6245, 
6246, 
6247, 
6248, 
6249, 
6250, 
6251, 
6252, 
6253, 
6254, 
6255, 
6256, 
6257, 
6258, 
6259, 
6260, 
6261, 
6262, 
6263, 
6264, 
6265, 
6266, 
6267, 
6268, 
6269, 164.175110
6270, 
6271, 
6272, 158.809280
6273, 
6274, 167.609467
6275, 
6276, 
6277, 
6278, 
6279, 162.072632
6280, 
6281, 165.489578
6282, 
6283, 
6284, 
6285, 159.736160
6286, 
6287, 163.109329
6288, 
6289, 162.256943
6290, 157.831970
6291, 
6292, 
6293, 164.852448
6294, 
6295, 161.709167
6296, 
6297, 
6298, 
6299, 
6300, 
6301, 
6302, 164.921814
6303, 
6304, 
6305, 
6306, 
6307, 161.201584
6308, 
6309, 173.511154
6310, 
6311, 
6312, 
6313, 
6314, 
6315, 
6316, 
6317, 
6318, 
6319, 
6320, 
6321, 
6322, 
6323, 
6324, 
6325, 
6326, 
6327, 
6328, 
6329, 
6330, 
6331, 
6332, 
6333, 
6334, 
6335, 
6336, 
6337, 159.228577
6338, 164.479218
6339, 
6340, 
6341, 165.303223
6342, 
6343, 162.179626
6344, 
6345, 161.123962
6346, 
6347, 
6348, 
6349, 
6350, 161.608841
6351, 
6352, 161.123947
6353, 
6354, 162.823730
6355, 
6356, 161.447098
6357, 
6358, 
6359, 
6360, 163.027359
6361, 
6362, 
6363, 159.280899
6364, 
6365, 162.747894
6366, 
6367, 
6368, 
6369, 159.956055
6370, 159.593506
6371, 
6372, 
6373, 
6374, 
6375, 
6376, 
6377, 
6378, 
6379, 
6380, 
6381, 
6382, 
6383, 
6384, 
6385, 
6386, 
6387, 
6388, 
6389, 
6390, 
6391, 
6392, 
6393, 
6394, 162.336761
6395, 
6396, 
6397, 
6398, 
6399, 
6400, 
6401, 
6402, 
6403, 
6404, 
6405, 
6406, 
6407, 
6408, 
6409, 
6410, 
6411, 
6412, 
6413, 159.776627
6414, 
6415, 164.075439
6416, 
6417, 
6418, 
6419, 
6420, 
6421, 
6422, 
6423, 
6424, 
6425, 
6426, 
6427, 
6428, 
6429, 
6430, 
6431, 
6432, 164.968079
6433, 
6434, 160.082504
6435, 165.007187
6436, 
6437, 
6438, 
6439, 
6440, 158.941772
6441, 
6442, 162.523132
6443, 
6444, 160.826553
6445, 
6446, 161.297913
6447, 
6448, 162.197281
6449, 
6450, 
6451, 
6452, 159.649567
6453, 
6454, 
6455, 
6456, 
6457, 163.481735
6458, 
6459, 
6460, 
6461, 
6462, 
6463, 
6464, 
6465, 
6466, 
6467, 
6468, 
6469, 161.019897
6470, 
6471, 
6472, 
6473, 
6474, 
6475, 
6476, 
6477, 164.097855
6478, 164.229843
6479, 161.867752
6480, 
6481, 159.265015
6482, 
6483, 166.824615
6484, 159.245712
6485, 
6486, 
6487, 
6488, 
6489, 
6490, 
6491, 
6492, 
6493, 
6494, 
6495, 
6496, 
6497, 
6498, 
6499, 
6500, 
6501, 
6502, 
6503, 
6504, 
6505, 
6506, 
6507, 
6508, 
6509, 
6510, 
6511, 
6512, 
6513, 
6514, 
6515, 
6516, 
6517, 
6518, 
6519, 
6520, 
6521, 
6522, 
6523, 
6524, 
6525, 
6526, 160.673737
6527, 
6528, 164.896713
6529, 158.388657
6530, 161.743881
6531, 
6532, 
6533, 160.751251
6534, 
6535, 163.123993
6536, 164.629852
6537, 
6538, 161.728622
6539, 
6540, 
6541, 160.589767
6542, 
6543, 
6544, 159.303009
6545, 
6546, 
6547, 
6548, 
6549, 
6550, 164.358078
6551, 
6552, 
6553, 
6554, 
6555, 
6556, 
6557, 162.547485
6558, 
6559, 
6560, 
6561, 
6562, 162.858170
6563, 
6564, 164.853271
6565, 
6566, 
6567, 
6568, 
6569, 
6570, 
6571, 
6572, 
6573, 
6574, 
6575, 
6576, 
6577, 
6578, 
6579, 
6580, 
6581, 
6582, 
6583, 
6584, 
6585, 
6586, 
6587, 
6588, 
6589, 
6590, 
6591, 
6592, 
6593, 
6594, 
6595, 160.819916
6596, 164.248352
6597, 
6598, 
6599, 166.937561
6600, 
6601, 
6602, 159.686249
6603, 165.079590
6604, 
6605, 
6606, 
6607, 161.698883
6608, 
6609, 160.960144
6610, 163.866959
6611, 
6612, 166.474533
6613, 165.968399
6614, 
6615, 
6616, 160.346146
6617, 
6618, 161.450485
6619, 
6620, 159.614426
6621, 
6622, 162.611908
6623, 
6624, 
6625, 165.102707
6626, 
6627, 
6628, 
6629, 161.994629
6630, 
6631, 
6632, 
6633, 
6634, 
6635, 
6636, 
6637, 
6638, 
6639, 
6640, 
6641, 
6642, 
6643, 
6644, 
6645, 
6646, 160.877274
6647, 
6648, 
6649, 
6650, 
6651, 
6652, 
6653, 
6654, 
6655, 
6656, 
6657, 
6658, 
6659, 
6660, 
6661, 
6662, 
6663, 
6664, 
6665, 
6666, 
6667, 
6668, 164.320862
6669, 
6670, 
6671, 
6672, 
6673, 159.859543
6674, 
6675, 
6676, 
6677, 
6678, 
6679, 
6680, 
6681, 
6682, 
6683, 
6684, 
6685, 
6686, 
6687, 
6688, 
6689, 
6690, 
6691, 
6692, 
6693, 166.079193
6694, 
6695, 160.275528
6696, 161.047134
6697, 
6698, 
6699, 160.479263
6700, 162.538834
6701, 
6702, 
6703, 162.077896
6704, 
6705, 159.404129
6706, 
6707, 
6708, 158.405838
6709, 164.503311
6710, 
6711, 
6712, 
6713, 
6714, 
6715, 
6716, 
6717, 
6718, 
6719, 
6720, 
6721, 
6722, 
6723, 160.142548
6724, 
6725, 158.873444
6726, 163.800842
6727, 
6728, 
6729, 
6730, 
6731, 
6732, 
6733, 
6734, 
6735, 
6736, 
6737, 
6738, 
6739, 159.180954
6740, 
6741, 
6742, 162.968872
6743, 161.258713
6744, 
6745, 
6746, 
6747, 
6748, 
6749, 
6750, 
6751, 
6752, 
6753, 
6754, 
6755, 
6756, 
6757, 
6758, 
6759, 
6760, 
6761, 
6762, 
6763, 
6764, 
6765, 
6766, 
6767, 
6768, 
6769, 
6770, 
6771, 
6772, 
6773, 
6774, 
6775, 
6776, 
6777, 
6778, 
6779, 
6780, 158.029770
6781, 
6782, 
6783, 165.517654
6784, 
6785, 162.391785
6786, 
6787, 163.594559
6788, 
6789, 158.739594
6790, 
6791, 164.480026
6792, 162.466873
6793, 
6794, 
6795, 159.851761
6796, 162.668167
6797, 
6798, 162.207794
6799, 
6800, 161.446671
6801, 
6802, 
6803, 
6804, 
6805, 
6806, 
6807, 
6808, 
6809, 
6810, 161.395645
6811, 
6812, 
6813, 
6814, 
6815, 167.740570
6816, 
6817, 
6818, 
6819, 
6820, 159.280289
6821, 
6822, 
6823, 
6824, 
6825, 
6826, 
6827, 
6828, 
6829, 
6830, 
6831, 
6832, 
6833, 
6834, 
6835, 
6836, 162.979279
6837, 
6838, 
6839, 
6840, 
6841, 
6842, 
6843, 
6844, 
6845, 
6846, 
6847, 
6848, 162.261505
6849, 
6850, 
6851, 
6852, 161.774582
6853, 163.294617
6854, 
6855, 
6856, 159.679077
6857, 
6858, 162.032852
6859, 
6860, 
6861, 162.312164
6862, 158.838959
6863, 
6864, 159.285645
6865, 162.359818
6866, 
6867, 
6868, 166.645447
6869, 
6870, 162.192932
6871, 165.247665
6872, 
6873, 157.720078
6874, 
6875, 161.579498
6876, 
6877, 164.979553
6878, 
6879, 167.613876
6880, 
6881, 166.317307
6882, 
6883, 
6884, 
6885, 
6886, 
6887, 
6888, 
6889, 
6890, 
6891, 
6892, 
6893, 
6894, 
6895, 
6896, 
6897, 
6898, 
6899, 
6900, 
6901, 
6902, 
6903, 
6904, 
6905, 
6906, 
6907, 
6908, 
6909, 
6910, 
6911, 159.345184
6912, 
6913, 
6914, 
6915, 
6916, 
6917, 
6918, 
6919, 
6920, 
6921, 
6922, 
6923, 166.088028
6924, 
6925, 
6926, 160.086060
6927, 
6928, 
6929, 
6930, 
6931, 
6932, 
6933, 
6934, 
6935, 
6936, 
6937, 
6938, 
6939, 
6940, 
6941, 
6942, 
6943, 
6944, 
6945, 160.210312
6946, 
6947, 165.403625
6948, 
6949, 161.715851
6950, 164.175095
6951, 
6952, 
6953, 160.949951
6954, 
6955, 159.642181
6956, 
6957, 160.353226
6958, 
6959, 
6960, 
6961, 166.569626
6962, 
6963, 
6964, 160.785538
6965, 
6966, 
6967, 
6968, 
6969, 
6970, 
6971, 
6972, 
6973, 162.704742
6974, 
6975, 
6976, 164.223618
6977, 160.038254
6978, 
6979, 
6980, 
6981, 
6982, 
6983, 
6984, 
6985, 
6986, 
6987, 
6988, 
6989, 
6990, 
6991, 
6992, 
6993, 
6994, 
6995, 160.830704
6996, 
6997, 
6998, 
6999, 
7000, 
7001, 167.456909
7002, 
7003, 164.800568
7004, 
7005, 
7006, 
7007, 
7008, 
7009, 
7010, 
7011, 
7012, 
7013, 
7014, 
7015, 
7016, 
7017, 
7018, 
7019, 
7020, 
7021, 
7022, 
7023, 
7024, 
7025, 
7026, 
7027, 
7028, 
7029, 
7030, 160.393997
7031, 
7032, 
7033, 164.992081
7034, 159.517105
7035, 
7036, 
7037, 160.079315
7038, 
7039, 
7040, 158.211365
7041, 
7042, 
7043, 
7044, 164.159973
7045, 
7046, 
7047, 
7048, 160.166779
7049, 162.317032
7050, 161.468353
7051, 
7052, 162.600235
7053, 
7054, 161.532410
7055, 
7056, 159.390717
7057, 
7058, 
7059, 
7060, 
7061, 
7062, 158.366943
7063, 
7064, 
7065, 
7066, 
7067, 
7068, 
7069, 
7070, 
7071, 
7072, 
7073, 162.533997
7074, 
7075, 
7076, 
7077, 
7078, 
7079, 
7080, 
7081, 
7082, 
7083, 
7084, 
7085, 
7086, 
7087, 
7088, 
7089, 
7090, 
7091, 
7092, 
7093, 
7094, 
7095, 166.594391
7096, 
7097, 
7098, 
7099, 
7100, 
7101, 
7102, 
7103, 159.275894
7104, 
7105, 
7106, 161.906967
7107, 
7108, 
7109, 
7110, 160.003784
7111, 
7112, 161.753021
7113, 
7114, 164.532593
7115, 
7116, 163.145905
7117, 168.553406
7118, 
7119, 161.034241
7120, 
7121, 159.983612
7122, 
7123, 163.827545
7124, 159.488525
7125, 161.863388
7126, 
7127, 
7128, 161.951843
7129, 
7130, 
7131, 
7132, 166.048843
7133, 
7134, 161.424347
7135, 
7136, 
7137, 
7138, 
7139, 
7140, 
7141, 
7142, 
7143, 
7144, 
7145, 
7146, 
7147, 
7148, 
7149, 
7150, 
7151, 
7152, 
7153, 
7154, 
7155, 
7156, 
7157, 
7158, 
7159, 
7160, 
7161, 
7162, 
7163, 
7164, 
7165, 
7166, 
7167, 
7168, 162.261414
7169, 
7170, 
7171, 
7172, 
7173, 
7174, 
7175, 
7176, 
7177, 
7178, 
7179, 
7180, 
7181, 162.824615
7182, 166.447662
7183, 
7184, 
7185, 
7186, 
7187, 
7188, 
7189, 
7190, 
7191, 
7192, 
7193, 
7194, 
7195, 
7196, 
7197, 
7198, 165.988083
7199, 
7200, 
7201, 163.320801
7202, 
7203, 
7204, 
7205, 163.724518
7206, 
7207, 162.304459
7208, 161.190521
7209, 
7210, 
7211, 
7212, 161.370285
7213, 
7214, 
7215, 160.568619
7216, 
7217, 
7218, 161.809235
7219, 
7220, 
7221, 167.754395
7222, 
7223, 
7224, 158.290817
7225, 
7226, 
7227, 160.927628
7228, 
7229, 
7230, 
7231, 
7232, 
7233, 
7234, 
7235, 
7236, 
7237, 
7238, 160.543259
7239, 
7240, 
7241, 
7242, 
7243, 
7244, 
7245, 
7246, 
7247, 
7248, 162.255142
7249, 
7250, 165.267578
7251, 
7252, 
7253, 
7254, 159.061737
7255, 
7256, 
7257, 
7258, 
7259, 
7260, 
7261, 
7262, 
7263, 
7264, 
7265, 
7266, 
7267, 
7268, 
7269, 
7270, 
7271, 
7272, 
7273, 
7274, 
7275, 
7276, 
7277, 
7278, 
7279, 
7280, 
7281, 
7282, 
7283, 
7284, 161.259521
7285, 
7286, 166.108856
7287, 
7288, 
7289, 159.404572
7290, 
7291, 
7292, 
7293, 
7294, 164.929642
7295, 
7296, 
7297, 159.573715
7298, 
7299, 
7300, 
7301, 162.423004
7302, 162.883072
7303, 
7304, 
7305, 160.210236
7306, 
7307, 
7308, 162.241257
7309, 
7310, 159.456238
7311, 
7312, 159.849838
7313, 
7314, 
7315, 160.909180
7316, 
7317, 
7318, 
7319, 
7320, 
7321, 
7322, 
7323, 
7324, 158.290024
7325, 
7326, 
7327, 
7328, 
7329, 
7330, 
7331, 
7332, 
7333, 
7334, 
7335, 
7336, 
7337, 
7338, 
7339, 
7340, 
7341, 
7342, 
7343, 
7344, 
7345, 
7346, 
7347, 
7348, 
7349, 
7350, 
7351, 
7352, 
7353, 
7354, 
7355, 
7356, 
7357, 
7358, 
7359, 
7360, 167.197327
7361, 
7362, 163.064514
7363, 
7364, 
7365, 
7366, 
7367, 
7368, 
7369, 163.623184
7370, 163.114929
7371, 
7372, 
7373, 161.715225
7374, 
7375, 160.036743
7376, 
7377, 164.470276
7378, 
7379, 160.132858
7380, 166.337906
7381, 159.009171
7382, 163.805115
7383, 
7384, 166.688660
7385, 
7386, 162.175049
7387, 161.300308
7388, 
7389, 
7390, 165.524734
7391, 
7392, 160.438309
7393, 
7394, 
7395, 
7396, 
7397, 
7398, 
7399, 
7400, 
7401, 
7402, 
7403, 
7404, 
7405, 
7406, 
7407, 
7408, 
7409, 
7410, 
7411, 
7412, 
7413, 
7414, 
7415, 
7416, 
7417, 
7418, 
7419, 
7420, 
7421, 
7422, 
7423, 166.195099
7424, 
7425, 
7426, 
7427, 
7428, 
7429, 
7430, 160.799911
7431, 162.024811
7432, 
7433, 
7434, 
7435, 
7436, 
7437, 
7438, 
7439, 
7440, 
7441, 
7442, 
7443, 
7444, 
7445, 
7446, 
7447, 
7448, 
7449, 
7450, 
7451, 
7452, 
7453, 
7454, 163.742966
7455, 
7456, 166.389938
7457, 
7458, 158.925537
7459, 165.803238
7460, 
7461, 
7462, 160.623718
7463, 
7464, 157.259476
7465, 
7466, 
7467, 163.714203
7468, 
7469, 
7470, 
7471, 
7472, 167.719803
7473, 
7474, 
7475, 165.080902
7476, 166.173172
7477, 160.556061
7478, 
7479, 
7480, 
7481, 
7482, 
7483, 
7484, 
7485, 
7486, 
7487, 
7488, 
7489, 
7490, 
7491, 
7492, 
7493, 
7494, 
7495, 
7496, 
7497, 
7498, 
7499, 
7500, 
7501, 
7502, 162.688141
7503, 161.079590
7504, 
7505, 
7506, 163.529358
7507, 161.851944
7508, 
7509, 
7510, 
7511, 165.094818
7512, 
7513, 
7514, 
7515, 
7516, 
7517, 
7518, 
7519, 
7520, 
7521, 
7522, 
7523, 
7524, 
7525, 
7526, 
7527, 
7528, 
7529, 
7530, 
7531, 
7532, 
7533, 
7534, 
7535, 
7536, 161.712708
7537, 
7538, 164.902664
7539, 158.577835
7540, 
7541, 159.666840
7542, 
7543, 
7544, 166.303650
7545, 
7546, 
7547, 
7548, 
7549, 165.233734
7550, 
7551, 
7552, 
7553, 158.495193
7554, 
7555, 161.518036
7556, 
7557, 
7558, 161.265549
7559, 
7560, 165.596191
7561, 
7562, 
7563, 
7564, 
7565, 160.553543
7566, 
7567, 
7568, 
7569, 
7570, 164.853455
7571, 162.192352
7572, 
7573, 
7574, 157.707794
7575, 
7576, 
7577, 
7578, 
7579, 
7580, 
7581, 
7582, 
7583, 
7584, 
7585, 
7586, 
7587, 
7588, 
7589, 
7590, 
7591, 
7592, 
7593, 
7594, 
7595, 
7596, 
7597, 
7598, 
7599, 
7600, 
7601, 
7602, 
7603, 
7604, 
7605, 
7606, 
7607, 
7608, 
7609, 
7610, 
7611, 
7612, 
7613, 
7614, 
7615, 
7616, 
7617, 165.251450
7618, 
7619, 159.075684
7620, 160.030121
7621, 158.604950
7622, 
7623, 159.547577
7624, 160.378143
7625, 
7626, 159.083008
7627, 
7628, 
7629, 168.016418
7630, 
7631, 
7632, 160.545166
7633, 
7634, 163.536545
7635, 
7636, 159.924957
7637, 169.485443
7638, 160.497238
7639, 
7640, 161.331177
7641, 
7642, 163.643967
7643, 
7644, 159.547531
7645, 159.811829
7646, 
7647, 
7648, 
7649, 
7650, 
7651, 
7652, 
7653, 
7654, 
7655, 
7656, 
7657, 
7658, 
7659, 
7660, 
7661, 
7662, 
7663, 
7664, 
7665, 
7666, 
7667, 
7668, 
7669, 
7670, 
7671, 
7672, 
7673, 
7674, 
7675, 
7676, 
7677, 
7678, 
7679, 
7680, 165.601105
7681, 
7682, 
7683, 
7684, 
7685, 159.194092
7686, 
7687, 
7688, 
7689, 
7690, 163.351196
7691, 
7692, 
7693, 
7694, 
7695, 
7696, 
7697, 
7698, 
7699, 
7700, 
7701, 
7702, 
7703, 
7704, 
7705, 
7706, 
7707, 163.122299
7708, 161.342560
7709, 
7710, 
7711, 
7712, 
7713, 
7714, 165.084152
7715, 
7716, 159.547394
7717, 
7718, 161.817566
7719, 
7720, 163.273499
7721, 
7722, 
7723, 160.002975
7724, 165.698120
7725, 163.743988
7726, 159.200989
7727, 
7728, 159.685394
7729, 
7730, 
7731, 
7732, 
7733, 
7734, 
7735, 
7736, 
7737, 
7738, 
7739, 
7740, 
7741, 
7742, 
7743, 
7744, 
7745, 
7746, 
7747, 
7748, 
7749, 
7750, 
7751, 
7752, 
7753, 
7754, 
7755, 161.041367
7756, 
7757, 159.020523
7758, 
7759, 161.073929
7760, 
7761, 
7762, 165.890808
7763, 
7764, 160.974182
7765, 
7766, 
7767, 
7768, 
7769, 
7770, 
7771, 
7772, 
7773, 
7774, 
7775, 
7776, 
7777, 
7778, 
7779, 
7780, 
7781, 
7782, 
7783, 
7784, 
7785, 165.941177
7786, 
7787, 
7788, 
7789, 
7790, 162.758453
7791, 
7792, 
7793, 167.432343
7794, 
7795, 159.986008
7796, 
7797, 
7798, 161.009277
7799, 
7800, 162.189331
7801, 
7802, 158.922760
7803, 
7804, 164.851486
7805, 
7806, 
7807, 160.471832
7808, 
7809, 
7810, 162.936981
7811, 
7812, 
7813, 166.565201
7814, 
7815, 
7816, 
7817, 
7818, 
7819, 
7820, 
7821, 
7822, 
7823, 
7824, 
7825, 
7826, 160.811752
7827, 
7828, 166.815582
7829, 
7830, 
7831, 
7832, 
7833, 
7834, 
7835, 
7836, 158.524734
7837, 
7838, 
7839, 
7840, 
7841, 
7842, 
7843, 
7844, 
7845, 
7846, 
7847, 
7848, 
7849, 
7850, 
7851, 
7852, 
7853, 
7854, 
7855, 
7856, 
7857, 
7858, 
7859, 
7860, 
7861, 
7862, 
7863, 
7864, 
7865, 
7866, 
7867, 
7868, 
7869, 
7870, 159.108719
7871, 
7872, 
7873, 
7874, 166.554123
7875, 
7876, 164.724274
7877, 158.569778
7878, 
7879, 165.628464
7880, 
7881, 162.253326
7882, 
7883, 161.653152
7884, 
7885, 160.597427
7886, 
7887, 
7888, 161.932419
7889, 162.949188
7890, 
7891, 164.952576
7892, 
7893, 163.912186
7894, 161.509491
7895, 
7896, 
7897, 164.134354
7898, 
7899, 158.674438
7900, 
7901, 
7902, 
7903, 
7904, 
7905, 
7906, 161.677505
7907, 
7908, 164.515793
7909, 
7910, 
7911, 
7912, 
7913, 
7914, 
7915, 
7916, 
7917, 
7918, 
7919, 
7920, 
7921, 
7922, 
7923, 
7924, 
7925, 
7926, 
7927, 
7928, 166.703064
7929, 
7930, 
7931, 161.104218
7932, 
7933, 
7934, 
7935, 
7936, 
7937, 
7938, 
7939, 
7940, 
7941, 
7942, 
7943, 
7944, 
7945, 
7946, 
7947, 
7948, 
7949, 
7950, 
7951, 
7952, 
7953, 
7954, 
7955, 
7956, 
7957, 
7958, 
7959, 
7960, 
7961, 165.740143
7962, 
7963, 
7964, 160.223099
7965, 
7966, 164.779114
7967, 
7968, 
7969, 159.536041
7970, 
7971, 162.862762
7972, 
7973, 
7974, 159.375153
7975, 161.336639
7976, 
7977, 165.939377
7978, 
7979, 
7980, 168.251556
7981, 
7982, 164.349091
7983, 
7984, 
7985, 164.313232
7986, 
7987, 
7988, 
7989, 
7990, 
7991, 
7992, 
7993, 
7994, 
7995, 
7996, 
7997, 
7998, 
7999, 
8000, 
8001, 
8002, 
8003, 
8004, 
8005, 
8006, 
8007, 
8008, 163.427658
8009, 
8010, 164.914429
8011, 
8012, 
8013, 162.312866
8014, 
8015, 166.845505
8016, 
8017, 
8018, 158.809860
8019, 
8020, 
8021, 
8022, 
8023, 
8024, 
8025, 
8026, 
8027, 
8028, 
8029, 
8030, 
8031, 
8032, 
8033, 
8034, 
8035, 
8036, 
8037, 
8038, 
8039, 162.731903
8040, 
8041, 
8042, 167.465271
8043, 
8044, 162.826355
8045, 
8046, 164.732742
8047, 
8048, 
8049, 167.237289
8050, 
8051, 158.901382
8052, 
8053, 
8054, 164.173447
8055, 
8056, 161.249176
8057, 
8058, 
8059, 165.820328
8060, 162.491333
8061, 
8062, 
8063, 
8064, 161.521027
8065, 
8066, 
8067, 
8068, 
8069, 
8070, 
8071, 
8072, 
8073, 
8074, 
8075, 
8076, 
8077, 
8078, 
8079, 
8080, 
8081, 163.489731
8082, 
8083, 166.363541
8084, 
8085, 
8086, 
8087, 
8088, 
8089, 
8090, 
8091, 
8092, 165.107010
8093, 
8094, 
8095, 
8096, 
8097, 
8098, 
8099, 
8100, 
8101, 
8102, 
8103, 
8104, 
8105, 
8106, 
8107, 
8108, 
8109, 
8110, 
8111, 
8112, 
8113, 
8114, 
8115, 
8116, 
8117, 
8118, 
8119, 
8120, 
8121, 
8122, 
8123, 158.441483
8124, 157.665527
8125, 
8126, 
8127, 
8128, 
8129, 
8130, 167.117294
8131, 
8132, 163.618042
8133, 
8134, 164.691116
8135, 
8136, 
8137, 160.694427
8138, 
8139, 164.831848
8140, 158.043106
8141, 
8142, 
8143, 
8144, 159.855972
8145, 166.998184
8146, 166.717621
8147, 
8148, 164.122635
8149, 164.348526
8150, 
8151, 163.922440
8152, 
8153, 158.933304
8154, 
8155, 
8156, 167.743179
8157, 
8158, 
8159, 163.211258
8160, 
8161, 
8162, 
8163, 
8164, 
8165, 
8166, 
8167, 
8168, 
8169, 
8170, 
8171, 
8172, 
8173, 
8174, 
8175, 
8176, 
8177, 
8178, 
8179, 
8180, 
8181, 
8182, 
8183, 
8184, 
8185, 
8186, 
8187, 158.181168
8188, 
8189, 161.434433
8190, 
8191, 
8192, 
8193, 
8194, 
8195, 
8196, 
8197, 
8198, 
8199, 
8200, 
8201, 
8202, 
8203, 
8204, 
8205, 
8206, 
8207, 
8208, 
8209, 
8210, 
8211, 
8212, 
8213, 163.424408
8214, 
8215, 
8216, 
8217, 161.764694
8218, 
8219, 161.315506
8220, 158.950043
8221, 
8222, 
8223, 167.172943
8224, 
8225, 164.768463
8226, 
8227, 
8228, 163.146545
8229, 
8230, 159.733643
8231, 
8232, 162.527771
8233, 158.025223
8234, 
8235, 
8236, 
8237, 
8238, 
8239, 
8240, 
8241, 
8242, 
8243, 
8244, 
8245, 
8246, 
8247, 
8248, 
8249, 
8250, 
8251, 
8252, 
8253, 
8254, 
8255, 
8256, 
8257, 
8258, 
8259, 
8260, 161.958710
8261, 
8262, 158.099274
8263, 
8264, 
8265, 
8266, 165.551483
8267, 
8268, 
8269, 
8270, 
8271, 166.065765
8272, 
8273, 161.410355
8274, 
8275, 
8276, 
8277, 
8278, 
8279, 
8280, 
8281, 
8282, 
8283, 
8284, 
8285, 
8286, 
8287, 
8288, 
8289, 
8290, 
8291, 
8292, 
8293, 
8294, 
8295, 
8296, 164.056900
8297, 
8298, 
8299, 160.440796
8300, 
8301, 160.677750
8302, 167.006882
8303, 
8304, 
8305, 160.675644
8306, 159.902512
8307, 
8308, 164.209930
8309, 
8310, 
8311, 162.188965
8312, 162.868729
8313, 
8314, 
8315, 162.008591
8316, 157.894287
8317, 
8318, 
8319, 
8320, 
8321, 
8322, 
8323, 
8324, 
8325, 
8326, 
8327, 
8328, 
8329, 
8330, 
8331, 
8332, 
8333, 
8334, 167.134491
8335, 
8336, 159.760361
8337, 
8338, 
8339, 
8340, 
8341, 
8342, 
8343, 
8344, 
8345, 
8346, 
8347, 
8348, 
8349, 
8350, 162.004959
8351, 
8352, 
8353, 
8354, 
8355, 
8356, 
8357, 
8358, 
8359, 
8360, 
8361, 
8362, 
8363, 
8364, 
8365, 
8366, 
8367, 
8368, 
8369, 
8370, 
8371, 
8372, 
8373, 166.377380
8374, 
8375, 
8376, 
8377, 
8378, 
8379, 
8380, 162.729034
8381, 
8382, 
8383, 159.934509
8384, 
8385, 
8386, 162.107468
8387, 
8388, 162.433136
8389, 
8390, 160.025131
8391, 
8392, 158.990891
8393, 
8394, 
8395, 161.043015
8396, 
8397, 166.362076
8398, 
8399, 164.487534
8400, 
8401, 
8402, 
8403, 161.950150
8404, 157.388596
8405, 
8406, 
8407, 158.248306
8408, 
8409, 
8410, 161.132416
8411, 
8412, 166.313843
8413, 
8414, 
8415, 
8416, 
8417, 
8418, 
8419, 
8420, 
8421, 
8422, 
8423, 
8424, 
8425, 167.091553
8426, 
8427, 
8428, 
8429, 
8430, 
8431, 
8432, 
8433, 164.295532
8434, 
8435, 
8436, 
8437, 
8438, 
8439, 
8440, 
8441, 161.441971
8442, 
8443, 161.665039
8444, 
8445, 
8446, 
8447, 
8448, 
8449, 
8450, 
8451, 
8452, 
8453, 
8454, 
8455, 
8456, 
8457, 
8458, 
8459, 
8460, 
8461, 
8462, 
8463, 
8464, 
8465, 
8466, 166.309235
8467, 
8468, 
8469, 161.099991
8470, 
8471, 160.434326
8472, 
8473, 164.464050
8474, 
8475, 159.999802
8476, 162.030777
8477, 
8478, 
8479, 
8480, 
8481, 160.782166
8482, 
8483, 
8484, 164.357971
8485, 
8486, 
8487, 165.796570
8488, 
8489, 
8490, 160.443069
8491, 
8492, 
8493, 162.620056
8494, 
8495, 
8496, 
8497, 
8498, 
8499, 
8500, 
8501, 
8502, 
8503, 
8504, 
8505, 
8506, 
8507, 
8508, 
8509, 
8510, 
8511, 
8512, 
8513, 
8514, 
8515, 
8516, 
8517, 
8518, 
8519, 
8520, 
8521, 164.702271
8522, 
8523, 
8524, 
8525, 
8526, 161.020340
8527, 160.337830
8528, 
8529, 
8530, 159.520126
8531, 
8532, 160.938507
8533, 
8534, 
8535, 
8536, 
8537, 
8538, 
8539, 
8540, 
8541, 
8542, 
8543, 
8544, 
8545, 
8546, 
8547, 
8548, 
8549, 
8550, 
8551, 
8552, 
8553, 
8554, 
8555, 
8556, 160.945816
8557, 
8558, 161.575912
8559, 
8560, 164.757935
8561, 
8562, 160.626556
8563, 162.144272
8564, 
8565, 
8566, 
8567, 161.712280
8568, 
8569, 
8570, 161.693451
8571, 
8572, 
8573, 166.969971
8574, 
8575, 160.172180
8576, 
8577, 165.918045
8578, 
8579, 
8580, 
8581, 
8582, 161.364349
8583, 
8584, 161.464508
8585, 
8586, 
8587, 
8588, 
8589, 
8590, 
8591, 
8592, 
8593, 
8594, 
8595, 
8596, 
8597, 
8598, 
8599, 
8600, 
8601, 
8602, 163.072647
8603, 
8604, 
8605, 
8606, 
8607, 
8608, 
8609, 
8610, 
8611, 
8612, 
8613, 
8614, 
8615, 
8616, 
8617, 
8618, 
8619, 
8620, 
8621, 
8622, 
8623, 
8624, 
8625, 
8626, 
8627, 163.438705
8628, 
8629, 
8630, 
8631, 
8632, 
8633, 
8634, 
8635, 161.815140
8636, 
8637, 159.579300
8638, 
8639, 165.294205
8640, 
8641, 
8642, 160.058578
8643, 
8644, 
8645, 163.161118
8646, 161.281158
8647, 
8648, 160.806870
8649, 
8650, 165.451782
8651, 
8652, 
8653, 158.490280
8654, 162.289734
8655, 
8656, 
8657, 
8658, 163.849808
8659, 162.335434
8660, 
8661, 160.050110
8662, 
8663, 158.349503
8664, 
8665, 
8666, 
8667, 
8668, 
8669, 
8670, 
8671, 
8672, 
8673, 
8674, 
8675, 
8676, 
8677, 
8678, 
8679, 
8680, 
8681, 
8682, 
8683, 163.105743
8684, 
8685, 166.550751
8686, 159.605789
8687, 
8688, 
8689, 
8690, 
8691, 
8692, 
8693, 
8694, 
8695, 
8696, 
8697, 
8698, 
8699, 
8700, 163.678421
8701, 
8702, 
8703, 
8704, 
8705, 
8706, 
8707, 
8708, 
8709, 
8710, 
8711, 
8712, 
8713, 
8714, 
8715, 
8716, 159.935669
8717, 
8718, 163.251633
8719, 
8720, 
8721, 
8722, 
8723, 
8724, 
8725, 158.971191
8726, 
8727, 
8728, 165.443695
8729, 
8730, 163.566833
8731, 
8732, 161.842621
8733, 165.784760
8734, 159.820175
8735, 
8736, 
8737, 165.595428
8738, 
8739, 
8740, 160.430511
8741, 
8742, 165.416122
8743, 
8744, 166.579407
8745, 
8746, 
8747, 
8748, 
8749, 
8750, 
8751, 
8752, 
8753, 
8754, 
8755, 
8756, 
8757, 
