















































































































































171.947617, 
171.947617, 
171.947617, 
171.947617, 
171.947617, 
171.947617, 
171.947617, 
171.947617, 
171.947617, 
171.947617, 
171.947617, 
172.385742, 
172.385742, 
172.385742, 
172.385742, 
172.385742, 
172.385742, 
172.385742, 
172.385742, 
172.385742, 
172.385742, 
172.385742, 
172.385742, 
172.385742, 
172.385742, 
172.385742, 
171.635300, 
169.488708, 
169.488708, 
169.488708, 
169.674423, 
169.844955, 
169.844955, 
169.475266, 
169.475266, 
169.475266, 
169.475266, 
169.475266, 
169.475266, 
168.397644, 
168.198883, 
168.198883, 
168.198883, 
168.116592, 
168.116592, 
167.824982, 
167.824982, 
167.824982, 
167.527252, 
167.527252, 
167.239746, 
167.239746, 
167.239746, 
167.239746, 
167.239746, 
166.835083, 
166.835083, 
166.835083, 
166.835083, 
166.835083, 
166.835083, 
166.835083, 
166.835083, 
166.835083, 
166.835083, 
166.835083, 
166.835083, 
166.835083, 
166.835083, 
166.835083, 
166.835083, 
166.835083, 
166.888229, 
166.888229, 
166.888229, 
166.888229, 
166.835739, 
166.835739, 
166.835739, 
166.835739, 
166.970917, 
166.970917, 
166.922546, 
166.922546, 
166.608383, 
166.438217, 
166.438217, 
166.438217, 
166.433960, 
166.433960, 
166.433960, 
166.433960, 
166.063339, 
166.063339, 
166.063339, 
166.063339, 
166.063339, 
165.717804, 
165.717804, 
165.717804, 
165.717804, 
165.717804, 
165.717804, 
165.717804, 
165.717804, 
165.717804, 
165.717804, 
165.717804, 
165.717804, 
165.717804, 
165.717804, 
165.717804, 
165.717804, 
165.197784, 
165.197784, 
165.197784, 
165.357544, 
165.357544, 
165.357544, 
165.357544, 
165.357544, 
165.357544, 
165.357544, 
165.114761, 
165.114761, 
165.114761, 
165.114761, 
165.114761, 
164.999115, 
164.999115, 
164.706116, 
164.706116, 
164.946686, 
164.946686, 
164.846802, 
164.846802, 
164.846802, 
164.846802, 
164.846802, 
164.846802, 
164.846802, 
164.846802, 
164.846802, 
164.846802, 
164.846802, 
164.846802, 
164.846802, 
164.846802, 
164.846802, 
164.846802, 
164.864304, 
164.864304, 
165.056030, 
165.056030, 
165.056030, 
165.056030, 
165.056030, 
165.056030, 
165.056030, 
165.056030, 
165.056030, 
165.056030, 
165.056030, 
165.056030, 
165.056030, 
165.056030, 
165.142944, 
165.142944, 
165.142944, 
165.142944, 
165.142944, 
165.254166, 
165.254166, 
165.254166, 
165.254166, 
165.254166, 
165.254166, 
165.254166, 
165.254166, 
165.254166, 
165.254166, 
165.254166, 
165.254166, 
165.429962, 
165.364197, 
165.364197, 
165.364197, 
165.364197, 
165.364197, 
165.364197, 
165.364197, 
165.364197, 
165.364197, 
165.364197, 
165.364197, 
165.364197, 
165.364197, 
165.422638, 
165.422638, 
165.422638, 
165.341507, 
165.341507, 
165.341507, 
164.963348, 
165.067993, 
165.067993, 
165.161819, 
165.161819, 
164.981369, 
164.981369, 
164.981369, 
165.115601, 
165.115601, 
165.115601, 
165.115601, 
165.115601, 
165.115601, 
164.986877, 
165.405838, 
165.405838, 
165.451019, 
165.451019, 
165.691589, 
165.527252, 
165.527252, 
165.527252, 
165.527252, 
165.527252, 
165.527252, 
165.527252, 
165.527252, 
165.527252, 
165.527252, 
165.527252, 
165.527252, 
165.527252, 
165.555191, 
165.555191, 
165.555191, 
165.555191, 
165.555191, 
165.555191, 
165.555191, 
165.555191, 
165.555191, 
165.555191, 
165.555191, 
165.555191, 
165.555191, 
165.555191, 
165.516525, 
165.516525, 
165.516525, 
165.516525, 
165.516525, 
165.516525, 
165.516525, 
165.516525, 
165.495941, 
165.495941, 
165.495941, 
165.495941, 
165.495941, 
165.495941, 
165.495941, 
165.495941, 
165.495941, 
165.495941, 
165.495941, 
165.495941, 
165.495941, 
165.495941, 
165.495941, 
165.495941, 
165.495941, 
165.495941, 
165.495941, 
165.495941, 
165.495941, 
165.495941, 
165.495941, 
165.495941, 
165.495941, 
165.495941, 
165.012482, 
165.012482, 
164.704834, 
164.704834, 
164.624420, 
164.624420, 
164.416855, 
164.431259, 
164.431259, 
164.431259, 
164.431259, 
164.149384, 
164.149384, 
164.149384, 
163.930206, 
163.930206, 
163.930206, 
163.885742, 
164.030640, 
164.030640, 
164.030640, 
164.030640, 
164.030640, 
164.030640, 
163.854172, 
163.693085, 
163.693085, 
163.693085, 
163.693085, 
163.693085, 
163.693085, 
163.693085, 
163.693085, 
163.693085, 
163.693085, 
163.693085, 
163.693085, 
163.454468, 
163.454468, 
163.454468, 
163.454468, 
163.503754, 
163.503754, 
163.503754, 
163.503754, 
163.503754, 
163.503754, 
163.503754, 
163.503754, 
163.503754, 
163.503754, 
163.503754, 
163.503754, 
163.418381, 
163.418381, 
163.418381, 
163.418381, 
163.129547, 
163.129547, 
163.129547, 
163.129547, 
163.129547, 
163.129547, 
162.796661, 
162.796661, 
162.796661, 
162.711212, 
162.748459, 
162.748459, 
162.748459, 
162.771362, 
162.771362, 
162.771362, 
162.771362, 
162.771362, 
162.771362, 
162.771362, 
162.680283, 
162.680283, 
162.680283, 
162.868393, 
162.868393, 
163.044067, 
163.044067, 
163.044067, 
163.044067, 
163.044067, 
163.044067, 
163.044067, 
163.044067, 
163.044067, 
163.090363, 
163.090363, 
163.090363, 
163.170456, 
163.170456, 
163.170456, 
162.909729, 
162.850433, 
162.850433, 
162.850433, 
162.842407, 
162.842407, 
162.842407, 
162.842407, 
162.842407, 
162.842407, 
162.842407, 
162.842407, 
162.842407, 
162.842407, 
162.842407, 
162.842407, 
162.842407, 
162.842407, 
162.518127, 
162.518127, 
162.518127, 
162.518127, 
162.518127, 
162.518127, 
162.518127, 
162.518127, 
162.760223, 
162.760223, 
162.760223, 
162.760223, 
162.760223, 
162.760223, 
162.760223, 
162.760223, 
162.760223, 
162.921829, 
162.921829, 
162.921829, 
162.921829, 
162.921829, 
162.921829, 
162.921829, 
162.921829, 
162.921829, 
162.921829, 
162.933075, 
162.933075, 
163.301346, 
163.301346, 
